353049477
353049565
353049615
353049697
353049774
353049836
353049901
353049939
353049984
353050031
353050086
353050147
353050179
353050219
353050257
353050294
353050379
353050423
353050471
353050524
353050574
353050606
353050647
353050699
353050750
353050781
353050816
353050857
353050905
353050951
353051002
353051022
353051077
353051121
353051165
353051221
353051263
353051307
353051359
353051414
353051467
353051534
353051581
353051610
353051653
353051683
353051730
353051778
353051851
353051899
353051969
353052016
353052056
353052087
353052129
353052197
353052242
353052321
353052356
353052395
353052448
353052504
353052548
353052590
353052643
353052666
353052733
353052767
353052821
353052874
353052938
353052995
353053037
353053088
353053143
353053198
353053247
353053300
353053332
353053380
353053427
353053501
353053555
353053615
353053643
353053714
353053769
353053811
353053858
353053889
353053929
353053959
353054012
353054049
353054095
353054141
353054187
353054273
353054334
353054408
353054444
353054479
353054519
353054555
353054612
353054674
353054737
353054772
353054809
353054853
353054897
353054957
353055015
353055059
353055106
353055152
353055212
353055259
353055305
353055345
353055396
353055453
353055498
353055549
353055613
353055645
353055675
353055723
353055794
353055823
353055886
353055945
353055995
353056056
353056096
353056164
353056204
353056248
353056286
353056334
353056384
353056434
353056457
353056524
353056570
353056605
353056681
353056735
353056786
353056842
353056907
353056963
353057004
353057047
353057089
353057165
353057207
353057256
353057286
353057334
353057362
353057421
353057458
353057499
353057550
353057602
353057646
353057713
353057749
353057800
353057855
353057897
353057933
353057973
353058006
353058058
353058097
353058149
353058204
353058245
353058287
353058330
353058377
353058415
353058467
353058512
353058553
353058597
353058645
353058693
353058761
353058803
353058862
353058901
353058953
353059007
353059057
353059110
353059138
353059195
353059226
353059284
353059336
353059388
353059436
353059489
353059527
353059560
353059593
353059633
353059685
353059741
353059810
353059846
353059874
353059905
353059946
353059996
353060053
353060110
353060161
353060195
353060235
353060280
353060327
353060372
353060424
353060461
353060491
353060523
353060559
353060608
353060643
353060698
353060738
353060785
353060818
353060866
353060906
353060953
353061010
353061046
353061092
353061134
353061178
353061227
353061280
353061335
353061371
353061401
353061439
353061489
353061550
353061585
353061634
353061665
353061693
353061745
353061789
353061839
353061899
353061960
353062007
353062057
353062116
353062169
353062206
353062276
353062344
353062416
353062454
353062516
353062556
353062618
353062659
353062699
353062747
353062781
353062819
353062872
353062904
353062971
353063005
353063052
353063098
353063125
353063174
353063225
353063274
353063337
353063377
353063407
353063455
353063514
353063568
353063631
353063687
353063757
353063799
353063837
353063867
353063938
353063998
353064058
353064098
353064134
353064174
353064233
353064274
353064336
353064381
353064444
353064487
353064526
353064581
353064639
353064681
353064728
353064778
353064837
353064900
353064949
353064999
353065053
353065115
353065172
353065229
353065278
353065316
353065344
353065404
353065451
353065523
353065588
353065651
353065696
353065723
353065755
353065814
353065857
353065902
353065953
353065984
353066044
353066100
353066161
353066209
353066255
353066291
353066326
353066361
353066391
353066435
353066484
353066521
353066559
353066598
353066623
353066662
353066695
353066740
353066778
353066844
353066911
353066946
353067003
353067038
353067073
353067120
353067196
353067263
353067321
353067360
353067388
353067427
353067475
353067553
353067605
353067659
353067721
353067755
353067804
353067846
353067900
353067952
353068001
353068040
353068076
353068117
353068154
353068186
353068231
353068273
353068320
353068364
353068404
353068450
353068510
353068556
353068620
353068675
353068725
353068766
353068803
353068874
353068925
353068965
353069019
353069065
353069108
353069153
353069206
353069255
353069317
353069363
353069389
353069440
353069491
353069552
353069588
353069647
353069684
353069721
353069756
353069793
353069847
353069880
353069939
353069992
353070033
353070070
353070122
353070168
353070219
353070258
353070308
353070355
353070392
353070441
353070491
353070542
353070585
353070626
353070676
353070749
353070802
353070851
353070914
353070945
353071002
353071061
353071102
353071150
353071192
353071237
353071269
353071319
353071351
353071397
353071447
353071484
353071521
353071586
353071621
353071646
353071696
353071774
353071803
353071860
353071905
353071971
353071998
353072049
353072093
353072143
353072203
353072279
353072332
353072369
353072412
353072448
353072477
353072521
353072548
353072610
353072657
353072694
353072739
353072779
353072816
353072847
353072895
353072934
353072988
353073045
353073077
353073134
353073186
353073243
353073298
353073353
353073413
353073451
353073492
353073550
353073587
353073639
353073679
353073733
353073765
353073808
353073843
353073896
353073946
353074012
353074071
353074120
353074169
353074216
353074272
353074322
353074391
353074446
353074480
353074510
353074564
353074624
353074674
353074743
353074803
353074857
353074891
353074947
353074987
353075011
353075041
353075097
353075149
353075208
353075262
353075313
353075346
353075414
353075481
353075537
353075582
353075654
353075687
353075736
353075785
353075832
353075882
353075911
353075956
353075994
353076043
353076092
353076152
353076193
353076249
353076292
353076333
353076373
353076438
353076485
353076535
353076567
353076619
353076659
353076692
353076734
353076771
353076831
353076899
353076953
353077023
353077078
353077123
353077169
353077217
353077244
353077279
353077337
353077369
353077401
353077432
353077471
353077545
353077612
353077647
353077704
353077732
353077777
353077829
353077876
353077922
353077961
353078034
353078065
353078098
353078128
353078168
353078226
353078275
353078330
353078406
353078439
353078471
353078508
353078561
353078596
353078634
353078704
353078745
353078810
353078873
353078914
353078980
353079019
353079053
353079100
353079166
353079208
353079252
353079292
353079338
353079396
353079425
353079482
353079542
353079582
353079626
353079682
353079743
353079770
353079824
353079872
353079929
353079959
353080018
353080092
353080139
353080185
353080251
353080306
353080341
353080383
353080415
353080446
353080488
353080536
353080557
353080608
353080654
353080719
353080770
353080840
353080884
353080939
353080993
353081030
353081077
353081125
353081149
353081195
353081254
353081291
353081341
353081384
353081418
353081455
353081489
353081553
353081602
353081639
353081681
353081709
353081746
353081810
353081849
353081889
353081941
353081976
353082023
353082101
353082163
353082202
353082271
353082330
353082380
353082431
353082474
353082506
353082561
353082613
353082655
353082695
353082745
353082787
353082829
353082890
353082933
353082983
353083032
353083060
353083101
353083148
353083208
353083249
353083292
353083339
353083378
353083409
353083449
353083502
353083556
353083615
353083665
353083713
353083757
353083797
353083864
353083906
353083945
353083987
353084044
353084108
353084162
353084213
353084251
353084274
353084323
353084376
353084412
353084465
353084502
353084552
353084602
353084649
353084685
353084735
353084787
353084834
353084867
353084922
353084967
353085018
353085068
353085109
353085146
353085209
353085259
353085299
353085338
353085373
353085422
353085444
353085469
353085528
353085566
353085599
353085632
353085663
353085691
353085728
353085773
353085811
353085846
353085898
353085948
353086013
353086070
353086122
353086162
353086190
353086234
353086269
353086323
353086366
353086426
353086471
353086530
353086595
353086630
353086681
353086733
353086768
353086830
353086903
353086940
353086970
353087043
353087085
353087147
353087178
353087237
353087272
353087335
353087386
353087423
353087478
353087524
353087560
353087605
353087655
353087697
353087737
353087804
353087835
353087870
353087926
353087987
353088037
353088071
353088138
353088177
353088219
353088264
353088328
353088369
353088403
353088447
353088497
353088528
353088558
353088619
353088663
353088714
353088763
353088811
353088861
353088931
353088971
353089007
353089058
353089119
353089170
353089229
353089277
353089330
353089383
353089433
353089466
353089509
353089550
353089600
353089626
353089662
353089716
353089754
353089789
353089825
353089877
353089918
353089957
353089986
353090027
353090066
353090128
353090187
353090230
353090256
353090300
353090356
353090383
353090439
353090482
353090536
353090581
353090627
353090692
353090729
353090767
353090826
353090874
353090916
353090977
353091001
353091047
353091075
353091131
353091161
353091220
353091265
353091299
353091337
353091387
353091421
353091482
353091527
353091566
353091618
353091666
353091718
353091759
353091794
353091851
353091896
353091943
353091998
353092052
353092122
353092163
353092218
353092256
353092286
353092318
353092353
353092404
353092458
353092529
353092585
353092622
353092655
353092702
353092737
353092784
353092822
353092865
353092920
353092988
353093022
353093062
353093127
353093157
353093217
353093259
353093302
353093349
353093422
353093479
353093528
353093580
353093615
353093659
353093701
353093761
353093835
353093899
353093962
353094012
353094063
353094098
353094152
353094193
353094240
353094278
353094315
353094350
353094396
353094441
353094480
353094527
353094560
353094611
353094665
353094712
353094783
353094812
353094866
353094929
353094975
353095025
353095083
353095129
353095176
353095223
353095269
353095322
353095349
353095404
353095461
353095501
353095539
353095574
353095629
353095666
353095724
353095771
353095799
353095847
353095885
353095925
353095955
353096003
353096039
353096069
353096133
353096176
353096200
353096236
353096272
353096321
353096367
353096406
353096477
353096527
353096568
353096625
353096673
353096721
353096773
353096824
353096880
353096926
353096989
353097036
353097072
353097137
353097180
353097227
353097269
353097329
353097367
353097423
353097496
353097556
353097599
353097650
353097692
353097749
353097786
353097838
353097901
353097957
353098007
353098062
353098116
353098182
353098240
353098276
353098321
353098366
353098428
353098483
353098544
353098627
353098676
353098710
353098755
353098792
353098854
353098906
353098962
353099023
353099064
353099116
353099149
353099204
353099256
353099305
353099344
353099377
353099425
353099487
353099535
353099591
353099651
353099685
353099719
353099760
353099824
353099871
353099906
353099973
353100030
353100061
353100089
353100132
353100186
353100228
353100264
353100320
353100386
353100441
353100477
353100515
353100539
353100587
353100621
353100658
353100692
353100735
353100785
353100835
353100911
353100960
353100987
353101040
353101085
353101137
353101168
353101201
353101264
353101337
353101415
353101463
353101510
353101557
353101618
353101693
353101732
353101760
353101820
353101889
353101959
353102015
353102044
353102089
353102124
353102192
353102227
353102271
353102299
353102348
353102382
353102428
353102471
353102525
353102554
353102625
353102684
353102741
353102799
353102835
353102881
353102928
353102973
353103025
353103084
353103123
353103172
353103221
353103262
353103305
353103344
353103389
353103464
353103517
353103550
353103580
353103629
353103679
353103709
353103752
353103787
353103834
353103882
353103920
353103963
353104010
353104045
353104092
353104145
353104190
353104222
353104266
353104298
353104339
353104379
353104425
353104467
353104501
353104560
353104631
353104679
353104722
353104781
353104828
353104881
353104930
353104963
353105014
353105054
353105117
353105156
353105190
353105251
353105305
353105339
353105373
353105413
353105444
353105499
353105534
353105573
353105600
353105639
353105660
353105703
353105744
353105781
353105834
353105895
353105966
353106021
353106061
353106110
353106143
353106183
353106239
353106288
353106328
353106379
353106428
353106487
353106521
353106571
353106622
353106644
353106695
353106732
353106780
353106829
353106887
353106941
353106984
353107029
353107074
353107113
353107168
353107225
353107279
353107316
353107362
353107408
353107456
353107513
353107564
353107625
353107676
353107723
353107752
353107797
353107827
353107856
353107891
353107964
353108014
353108070
353108124
353108181
353108236
353108265
353108288
353108356
353108412
353108452
353108480
353108536
353108578
353108611
353108654
353108692
353108732
353108790
353108851
353108871
353108932
353108970
353109024
353109081
353109113
353109149
353109189
353109239
353109272
353109318
353109350
353109378
353109417
353109441
353109493
353109536
353109582
353109634
353109674
353109724
353109775
353109822
353109869
353109908
353109951
353110002
353110043
353110084
353110121
353110163
353110205
353110238
353110263
353110298
353110331
353110370
353110403
353110449
353110476
353110515
353110533
353110582
353110636
353110688
353110726
353110753
353110807
353110850
353110891
353110935
353110968
353111005
353111054
353111082
353111122
353111164
353111208
353111250
353111294
353111321
353111379
353111407
353111473
353111495
353111520
353111571
353111614
353111642
353111692
353111748
353111784
353111832
353111866
353111913
353111952
353112013
353112057
353112106
353112150
353112198
353112249
353112297
353112352
353112416
353112440
353112483
353112528
353112560
353112585
353112624
353112673
353112711
353112752
353112809
353112861
353112930
353112986
353113020
353113048
353113109
353113137
353113193
353113219
353113256
353113298
353113335
353113406
353113427
353113463
353113507
353113557
353113581
353113616
353113672
353113720
353113745
353113799
353113840
353113869
353113931
353113970
353114008
353114062
353114095
353114147
353114188
353114233
353114268
353114307
353114367
353114429
353114464
353114507
353114545
353114570
353114608
353114663
353114700
353114728
353114750
353114798
353114853
353114910
353114984
353115035
353115079
353115142
353115200
353115232
353115275
353115301
353115358
353115393
353115453
353115501
353115548
353115601
353115648
353115673
353115720
353115767
353115803
353115833
353115893
353115932
353115983
353116026
353116080
353116130
353116177
353116217
353116271
353116300
353116356
353116393
353116446
353116494
353116532
353116567
353116633
353116665
353116721
353116766
353116806
353116861
353116893
353116937
353116990
353117040
353117065
353117119
353117158
353117202
353117249
353117295
353117341
353117388
353117450
353117495
353117526
353117572
353117610
353117646
353117670
353117716
353117768
353117811
353117848
353117892
353117914
353117953
353118001
353118042
353118094
353118127
353118170
353118217
353118258
353118297
353118336
353118378
353118422
353118478
353118510
353118543
353118587
353118633
353118684
353118740
353118801
353118855
353118888
353118923
353118963
353119012
353119059
353119106
353119134
353119175
353119205
353119247
353119285
353119323
353119358
353119395
353119453
353119504
353119540
353119568
353119605
353119654
353119684
353119729
353119772
353119828
353119884
353119926
353119964
353119986
353120025
353120075
353120135
353120189
353120242
353120296
353120342
353120376
353120425
353120457
353120517
353120560
353120604
353120660
353120715
353120761
353120798
353120845
353120871
353120916
353120967
353121030
353121062
353121094
353121144
353121208
353121255
353121318
353121361
353121397
353121433
353121470
353121534
353121574
353121618
353121665
353121694
353121737
353121771
353121824
353121862
353121890
353121926
353121953
353121994
353122034
353122087
353122126
353122155
353122196
353122244
353122297
353122327
353122384
353122417
353122468
353122500
353122549
353122583
353122633
353122671
353122726
353122756
353122821
353122848
353122892
353122943
353122991
353123025
353123053
353123098
353123152
353123196
353123238
353123285
353123343
353123391
353123433
353123467
353123507
353123540
353123578
353123621
353123653
353123687
353123732
353123794
353123833
353123872
353123916
353123941
353124008
353124031
353124070
353124130
353124159
353124196
353124235
353124264
353124341
353124392
353124451
353124486
353124537
353124584
353124630
353124693
353124735
353124800
353124829
353124869
353124949
353125012
353125049
353125105
353125147
353125227
353125266
353125312
353125351
353125396
353125445
353125494
353125527
353125572
353125596
353125652
353125688
353125745
353125819
353125860
353125908
353125942
353125969
353126006
353126036
353126076
353126114
353126165
353126234
353126274
353126308
353126331
353126381
353126425
353126485
353126529
353126567
353126608
353126675
353126704
353126763
353126799
353126855
353126886
353126941
353127001
353127050
353127109
353127150
353127188
353127224
353127246
353127290
353127329
353127363
353127425
353127475
353127533
353127568
353127627
353127678
353127733
353127782
353127813
353127872
353127924
353127967
353128003
353128045
353128091
353128136
353128180
353128201
353128264
353128310
353128360
353128430
353128473
353128503
353128553
353128579
353128608
353128626
353128668
353128725
353128777
353128836
353128870
353128916
353128939
353128982
353129026
353129062
353129091
353129158
353129187
353129225
353129263
353129304
353129349
353129376
353129412
353129450
353129502
353129543
353129575
353129613
353129655
353129694
353129728
353129790
353129834
353129886
353129931
353129975
353130037
353130086
353130124
353130166
353130204
353130239
353130281
353130332
353130369
353130410
353130454
353130499
353130565
353130626
353130672
353130714
353130763
353130833
353130887
353130945
353130984
353131047
353131081
353131150
353131177
353131219
353131272
353131311
353131350
353131397
353131433
353131473
353131526
353131555
353131595
353131640
353131664
353131719
353131766
353131820
353131874
353131930
353131994
353132060
353132117
353132163
353132199
353132245
353132277
353132322
353132376
353132403
353132442
353132484
353132518
353132576
353132626
353132678
353132705
353132752
353132794
353132844
353132877
353132929
353132978
353133021
353133067
353133134
353133155
353133209
353133254
353133328
353133348
353133380
353133410
353133463
353133500
353133546
353133600
353133665
353133719
353133765
353133810
353133865
353133916
353133946
353134001
353134052
353134113
353134149
353134214
353134268
353134301
353134336
353134360
353134410
353134440
353134511
353134542
353134599
353134647
353134696
353134747
353134775
353134848
353134906
353134958
353134997
353135048
353135078
353135138
353135178
353135226
353135263
353135310
353135348
353135410
353135459
353135505
353135547
353135606
353135653
353135720
353135770
353135836
353135882
353135929
353135973
353136014
353136048
353136086
353136113
353136159
353136199
353136234
353136296
353136346
353136436
353136491
353136545
353136570
353136603
353136648
353136706
353136736
353136808
353136860
353136908
353136962
353137026
353137071
353137123
353137178
353137217
353137267
353137290
353137340
353137386
353137430
353137482
353137524
353137564
353137614
353137653
353137705
353137746
353137816
353137880
353137947
353137988
353138045
353138094
353138138
353138211
353138236
353138267
353138326
353138361
353138407
353138448
353138509
353138562
353138600
353138645
353138697
353138743
353138806
353138840
353138887
353138925
353138960
353138984
353139037
353139086
353139138
353139176
353139216
353139254
353139283
353139354
353139399
353139446
353139498
353139547
353139572
353139627
353139686
353139730
353139782
353139815
353139854
353139900
353139959
353139993
353140033
353140090
353140132
353140184
353140231
353140270
353140323
353140365
353140412
353140440
353140493
353140528
353140569
353140597
353140651
353140709
353140757
353140808
353140839
353140902
353140930
353140961
353141026
353141053
353141104
353141167
353141206
353141256
353141293
353141353
353141386
353141413
353141457
353141518
353141558
353141593
353141642
353141701
353141758
353141818
353141875
353141910
353141955
353142018
353142067
353142109
353142163
353142193
353142224
353142271
353142318
353142355
353142408
353142446
353142489
353142544
353142570
353142609
353142658
353142696
353142755
353142792
353142826
353142866
353142927
353142972
353143029
353143105
353143139
353143174
353143222
353143299
353143350
353143408
353143481
353143552
353143613
353143647
353143707
353143743
353143801
353143847
353143919
353143983
353144021
353144057
353144100
353144146
353144180
353144215
353144275
353144314
353144365
353144427
353144475
353144515
353144565
353144618
353144659
353144712
353144759
353144822
353144859
353144906
353144946
353144980
353145022
353145075
353145121
353145175
353145226
353145258
353145325
353145360
353145413
353145471
353145522
353145555
353145601
353145631
353145669
353145731
353145783
353145825
353145879
353145911
353145950
353146003
353146030
353146083
353146147
353146210
353146255
353146300
353146333
353146375
353146416
353146476
353146524
353146554
353146615
353146641
353146685
353146739
353146815
353146887
353146937
353146970
353147017
353147077
353147131
353147190
353147241
353147285
353147331
353147359
353147420
353147478
353147530
353147581
353147606
353147646
353147674
353147734
353147771
353147820
353147872
353147937
353147981
353148004
353148068
353148104
353148147
353148195
353148236
353148286
353148347
353148397
353148443
353148496
353148557
353148614
353148646
353148698
353148730
353148798
353148846
353148898
353148937
353148978
353149018
353149067
353149101
353149143
353149180
353149207
353149264
353149299
353149345
353149414
353149461
353149515
353149557
353149579
353149610
353149666
353149719
353149771
353149801
353149850
353149893
353149954
353150015
353150058
353150126
353150165
353150203
353150245
353150273
353150324
353150367
353150394
353150427
353150469
353150505
353150549
353150610
353150663
353150704
353150738
353150778
353150828
353150877
353150938
353150971
353151028
353151095
353151137
353151182
353151219
353151266
353151314
353151361
353151397
353151432
353151487
353151537
353151564
353151609
353151662
353151702
353151758
353151833
353151872
353151904
353151952
353151985
353152026
353152059
353152094
353152131
353152160
353152205
353152234
353152281
353152334
353152376
353152426
353152476
353152542
353152586
353152649
353152694
353152746
353152775
353152825
353152854
353152903
353152957
353153007
353153062
353153105
353153144
353153198
353153249
353153297
353153332
353153388
353153423
353153464
353153541
353153579
353153633
353153686
353153748
353153782
353153835
353153869
353153910
353153978
353154030
353154094
353154139
353154188
353154226
353154278
353154302
353154344
353154398
353154446
353154498
353154553
353154600
353154637
353154675
353154736
353154815
353154848
353154887
353154953
353155011
353155057
353155087
353155134
353155197
353155244
353155318
353155370
353155396
353155448
353155504
353155581
353155636
353155664
353155693
353155742
353155816
353155878
353155918
353155947
353156002
353156045
353156094
353156129
353156164
353156221
353156287
353156332
353156392
353156433
353156496
353156554
353156613
353156664
353156714
353156755
353156805
353156837
353156879
353156928
353156996
353157045
353157083
353157139
353157166
353157199
353157245
353157283
353157338
353157370
353157410
353157471
353157523
353157561
353157600
353157637
353157669
353157711
353157770
353157822
353157879
353157939
353157999
353158021
353158061
353158106
353158147
353158178
353158198
353158236
353158270
353158336
353158394
353158454
353158506
353158529
353158584
353158623
353158653
353158719
353158759
353158829
353158885
353158939
353158984
353159047
353159090
353159141
353159183
353159230
353159272
353159332
353159374
353159415
353159453
353159476
353159534
353159595
353159641
353159676
353159712
353159752
353159788
353159831
353159880
353159934
353159978
353160011
353160053
353160098
353160146
353160191
353160218
353160259
353160287
353160320
353160377
353160409
353160452
353160513
353160549
353160596
353160623
353160652
353160689
353160741
353160785
353160856
353160910
353160984
353161031
353161090
353161138
353161182
353161231
353161255
353161301
353161339
353161384
353161435
353161479
353161498
353161546
353161584
353161608
353161660
353161691
353161718
353161759
353161813
353161851
353161900
353161945
353161996
353162028
353162073
353162120
353162160
353162186
353162233
353162260
353162295
353162341
353162366
353162404
353162446
353162498
353162541
353162597
353162636
353162669
353162707
353162756
353162802
353162832
353162877
353162935
353162981
353163020
353163068
353163103
353163157
353163202
353163236
353163291
353163318
353163354
353163381
353163452
353163509
353163544
353163593
353163648
353163709
353163739
353163777
353163830
353163897
353163941
353163984
353164046
353164095
353164142
353164176
353164225
353164282
353164334
353164358
353164398
353164437
353164492
353164530
353164574
353164630
353164668
353164699
353164766
353164817
353164865
353164932
353164984
353165011
353165063
353165105
353165134
353165166
353165201
353165254
353165307
353165363
353165420
353165473
353165511
353165548
353165603
353165671
353165699
353165752
353165801
353165845
353165901
353165941
353165993
353166039
353166065
353166113
353166143
353166180
353166236
353166284
353166332
353166363
353166427
353166467
353166519
353166555
353166614
353166659
353166694
353166728
353166776
353166817
353166862
353166899
353166939
353166968
353166990
353167028
353167094
353167136
353167189
353167220
353167268
353167305
353167350
353167387
353167451
353167495
353167558
353167621
353167653
353167715
353167759
353167789
353167811
353167856
353167902
353167936
353167995
353168034
353168068
353168096
353168150
353168187
353168223
353168254
353168279
353168341
353168408
353168454
353168500
353168535
353168570
353168616
353168658
353168706
353168740
353168773
353168819
353168867
353168902
353168928
353168961
353169017
353169049
353169079
353169114
353169162
353169181
353169218
353169261
353169294
353169337
353169363
353169421
353169472
353169523
353169543
353169579
353169615
353169649
353169698
353169756
353169814
353169862
353169903
353169946
353169980
353170015
353170053
353170105
353170171
353170206
353170236
353170290
353170338
353170379
353170417
353170454
353170506
353170537
353170591
353170634
353170671
353170713
353170739
353170784
353170810
353170851
353170885
353170933
353170977
353171011
353171041
353171067
353171104
353171152
353171206
353171251
353171285
353171339
353171385
353171418
353171465
353171491
353171532
353171586
353171622
353171681
353171734
353171758
353171803
353171829
353171891
353171951
353171982
353172025
353172062
353172107
353172140
353172195
353172247
353172278
353172311
353172346
353172388
353172431
353172487
353172536
353172592
353172629
353172670
353172723
353172762
353172797
353172860
353172901
353172956
353172988
353173025
353173065
353173101
353173144
353173177
353173225
353173282
353173316
353173353
353173398
353173452
353173509
353173546
353173603
353173650
353173701
353173751
353173787
353173841
353173907
353173944
353174008
353174059
353174103
353174161
353174209
353174230
353174272
353174321
353174356
353174393
353174424
353174462
353174507
353174565
353174606
353174625
353174660
353174715
353174740
353174788
353174822
353174876
353174922
353174964
353175015
353175054
353175094
353175157
353175213
353175255
353175289
353175335
353175377
353175420
353175472
353175519
353175582
353175619
353175676
353175727
353175762
353175796
353175829
353175872
353175925
353175984
353176032
353176083
353176133
353176175
353176218
353176280
353176334
353176373
353176407
353176452
353176488
353176543
353176597
353176623
353176666
353176725
353176772
353176824
353176857
353176898
353176946
353176999
353177029
353177076
353177111
353177156
353177195
353177232
353177265
353177297
353177346
353177398
353177444
353177492
353177537
353177591
353177629
353177664
353177720
353177761
353177808
353177841
353177898
353177948
353177988
353178034
353178081
353178117
353178161
353178187
353178251
353178285
353178329
353178370
353178394
353178445
353178472
353178518
353178566
353178607
353178637
353178678
353178727
353178780
353178842
353178893
353178953
353179007
353179040
353179071
353179119
353179156
353179199
353179225
353179261
353179290
353179322
353179353
353179389
353179438
353179483
353179551
353179601
353179643
353179683
353179743
353179794
353179849
353179889
353179932
353179964
353180028
353180057
353180096
353180134
353180196
353180240
353180276
353180314
353180370
353180406
353180463
353180516
353180551
353180598
353180666
353180727
353180757
353180804
353180867
353180920
353180958
353181004
353181045
353181112
353181175
353181211
353181251
353181281
353181329
353181387
353181445
353181476
353181507
353181561
353181591
353181613
353181666
353181697
353181742
353181788
353181836
353181877
353181930
353181960
353181993
353182033
353182078
353182131
353182172
353182222
353182281
353182320
353182374
353182408
353182449
353182493
353182543
353182578
353182606
353182647
353182684
353182717
353182752
353182787
353182849
353182898
353182953
353182998
353183046
353183087
353183144
353183182
353183227
353183256
353183281
353183328
353183371
353183439
353183484
353183513
353183547
353183582
353183633
353183673
353183700
353183745
353183786
353183845
353183888
353183927
353183964
353184014
353184043
353184074
353184107
353184137
353184194
353184257
353184304
353184339
353184399
353184433
353184491
353184547
353184602
353184650
353184690
353184732
353184801
353184841
353184907
353184951
353184978
353185040
353185086
353185148
353185187
353185223
353185260
353185295
353185352
353185382
353185429
353185473
353185505
353185536
353185593
353185625
353185682
353185716
353185750
353185775
353185819
353185848
353185892
353185936
353185986
353186028
353186072
353186113
353186158
353186181
353186224
353186273
353186314
353186362
353186404
353186456
353186496
353186546
353186593
353186650
353186684
353186739
353186773
353186818
353186842
353186900
353186945
353186983
353187013
353187045
353187085
353187122
353187174
353187231
353187276
353187334
353187396
353187448
353187510
353187549
353187605
353187639
353187695
353187735
353187769
353187812
353187842
353187905
353187935
353187968
353188028
353188084
353188123
353188168
353188206
353188263
353188281
353188327
353188369
353188410
353188455
353188513
353188565
353188605
353188663
353188716
353188769
353188828
353188856
353188889
353188937
353188965
353189001
353189044
353189084
353189119
353189179
353189234
353189293
353189342
353189391
353189417
353189461
353189494
353189531
353189560
353189611
353189649
353189683
353189734
353189764
353189826
353189870
353189904
353189938
353189978
353190042
353190074
353190091
353190117
353190169
353190206
353190244
353190286
353190342
353190391
353190443
353190493
353190527
353190575
353190608
353190634
353190666
353190712
353190756
353190795
353190837
353190876
353190926
353190944
353190967
353191001
353191052
353191101
353191157
353191199
353191233
353191286
353191340
353191404
353191454
353191492
353191538
353191599
353191640
353191681
353191720
353191763
353191823
353191874
353191923
353191957
353192011
353192041
353192094
353192131
353192183
353192235
353192296
353192342
353192376
353192433
353192478
353192511
353192541
353192581
353192638
353192685
353192731
353192782
353192837
353192879
353192926
353192967
353193000
353193035
353193081
353193112
353193154
353193217
353193271
353193304
353193334
353193381
353193416
353193463
353193498
353193566
353193619
353193656
353193700
353193739
353193777
353193830
353193888
353193934
353193985
353194018
353194078
353194141
353194173
353194202
353194262
353194317
353194355
353194379
353194427
353194458
353194503
353194546
353194577
353194606
353194667
353194712
353194767
353194819
353194853
353194890
353194940
353194987
353195039
353195090
353195143
353195206
353195242
353195297
353195340
353195384
353195432
353195504
353195534
353195589
353195631
353195659
353195713
353195762
353195826
353195882
353195934
353195990
353196019
353196059
353196095
353196150
353196187
353196245
353196288
353196329
353196378
353196424
353196491
353196533
353196571
353196615
353196647
353196711
353196735
353196776
353196824
353196876
353196919
353196965
353197010
353197068
353197136
353197195
353197248
353197272
353197303
353197331
353197380
353197431
353197497
353197544
353197600
353197628
353197669
353197716
353197736
353197783
353197834
353197860
353197910
353197939
353197981
353198019
353198065
353198094
353198128
353198165
353198189
353198231
353198304
353198342
353198371
353198419
353198453
353198497
353198549
353198584
353198622
353198682
353198748
353198802
353198835
353198870
353198894
353198933
353198977
353199018
353199059
353199108
353199131
353199171
353199218
353199258
353199289
353199344
353199372
353199401
353199450
353199486
353199533
353199569
353199618
353199662
353199698
353199744
353199791
353199831
353199889
353199941
353199983
353200014
353200058
353200103
353200128
353200194
353200255
353200289
353200339
353200365
353200398
353200444
353200500
353200541
353200581
353200616
353200646
353200687
353200739
353200767
353200810
353200846
353200880
353200922
353200970
353201015
353201035
353201082
353201113
353201149
353201186
353201241
353201298
353201333
353201360
353201388
353201427
353201476
353201498
353201536
353201568
353201588
353201641
353201671
353201716
353201770
353201804
353201857
353201895
353201933
353201988
353202037
353202071
353202122
353202173
353202223
353202252
353202284
353202334
353202392
353202428
353202480
353202529
353202580
353202637
353202671
353202727
353202794
353202839
353202887
353202940
353202983
353203028
353203070
353203115
353203163
353203200
353203234
353203265
353203311
353203339
353203392
353203430
353203468
353203515
353203564
353203624
353203679
353203718
353203762
353203813
353203852
353203905
353203949
353203969
353203995
353204048
353204111
353204160
353204190
353204218
353204268
353204315
353204359
353204393
353204424
353204472
353204529
353204578
353204633
353204671
353204724
353204785
353204825
353204891
353204954
353204991
353205029
353205077
353205111
353205163
353205200
353205239
353205279
353205324
353205357
353205401
353205432
353205495
353205546
353205580
353205643
353205682
353205730
353205793
353205838
353205890
353205917
353205949
353205979
353206025
353206093
353206147
353206193
353206226
353206269
353206293
353206322
353206370
353206421
353206461
353206489
353206518
353206545
353206583
353206620
353206643
353206680
353206720
353206748
353206798
353206867
353206904
353206945
353207003
353207055
353207111
353207158
353207201
353207240
353207296
353207342
353207386
353207430
353207457
353207502
353207554
353207595
353207662
353207703
353207753
353207820
353207861
353207907
353207959
353208024
353208078
353208106
353208140
353208173
353208195
353208249
353208288
353208321
353208357
353208404
353208460
353208516
353208553
353208586
353208632
353208681
353208720
353208758
353208802
353208849
353208883
353208953
353209017
353209082
353209131
353209183
353209230
353209281
353209312
353209352
353209392
353209449
353209480
353209512
353209565
353209627
353209664
353209804
353209849
353209898
353209962
353209984
353210032
353210067
353210096
353210147
353210185
353210309
353210349
353210388
353210425
353210455
353210480
353210528
353210553
353210595
353210627
353210659
353210719
353210769
353210823
353210843
353210883
353210947
353210981
353211038
353211071
353211107
353211153
353211181
353211222
353211263
353211296
353211343
353211374
353211411
353211453
353211503
353211566
353211607
353211650
353211675
353211707
353211749
353211809
353211844
353211884
353211953
353211990
353212041
353212096
353212134
353212170
353212228
353212277
353212322
353212350
353212392
353212425
353212474
353212520
353212590
353212645
353212700
353212744
353212786
353212825
353212892
353212944
353213010
353213047
353213086
353213126
353213152
353213179
353213228
353213261
353213313
353213360
353213414
353213445
353213480
353213525
353213589
353213634
353213691
353213742
353213785
353213831
353213876
353213936
353213967
353214021
353214062
353214095
353214148
353214184
353214231
353214271
353214312
353214337
353214376
353214429
353214466
353214514
353214547
353214584
353214618
353214667
353214703
353214748
353214785
353214848
353214881
353214914
353214967
353215017
353215049
353215101
353215136
353215181
353215224
353215283
353215318
353215373
353215399
353215435
353215492
353215527
353215564
353215615
353215639
353215697
353215755
353215810
353215878
353215929
353215971
353215998
353216044
353216106
353216145
353216206
353216245
353216285
353216320
353216385
353216421
353216448
353216482
353216518
353216556
353216589
353216613
353216675
353216709
353216735
353216771
353216814
353216876
353216908
353216948
353217011
353217053
353217112
353217173
353217209
353217252
353217284
353217309
353217340
353217379
353217439
353217490
353217508
353217550
353217594
353217650
353217709
353217763
353217826
353217863
353217896
353217942
353217974
353218028
353218068
353218117
353218154
353218198
353218235
353218291
353218352
353218394
353218437
353218475
353218518
353218569
353218627
353218691
353218733
353218800
353218862
353218907
353218958
353219018
353219051
353219114
353219150
353219191
353219222
353219261
353219315
353219361
353219425
353219451
353219496
353219537
353219590
353219632
353219669
353219737
353219802
353219829
353219865
353219908
353219944
353219991
353220040
353220096
353220146
353220197
353220264
353220305
353220362
353220410
353220432
353220460
353220504
353220541
353220580
353220619
353220681
353220743
353220802
353220850
353220912
353220968
353221027
353221075
353221128
353221186
353221244
353221285
353221356
353221393
353221465
353221500
353221550
353221603
353221650
353221683
353221738
353221795
353221840
353221883
353221927
353221967
353222007
353222063
353222122
353222148
353222193
353222227
353222263
353222322
353222366
353222414
353222443
353222480
353222501
353222541
353222580
353222622
353222666
353222686
353222745
353222770
353222823
353222873
353222935
353222969
353223003
353223039
353223080
353223111
353223153
353223205
353223250
353223293
353223326
353223376
353223397
353223467
353223523
353223569
353223595
353223627
353223662
353223694
353223736
353223779
353223814
353223867
353223905
353223969
353223994
353224033
353224059
353224093
353224148
353224192
353224239
353224287
353224323
353224364
353224408
353224447
353224488
353224533
353224576
353224624
353224657
353224703
353224739
353224811
353224849
353224874
353224919
353224965
353225030
353225081
353225134
353225162
353225197
353225243
353225289
353225320
353225367
353225405
353225454
353225504
353225540
353225585
353225616
353225683
353225728
353225790
353225841
353225883
353225937
353225979
353226017
353226064
353226100
353226144
353226191
353226238
353226283
353226345
353226394
353226455
353226506
353226554
353226623
353226665
353226692
353226751
353226781
353226834
353226862
353226912
353226941
353226988
353227034
353227077
353227121
353227155
353227195
353227238
353227281
353227344
353227371
353227413
353227486
353227532
353227574
353227618
353227658
353227712
353227767
353227805
353227836
353227897
353227935
353227963
353228024
353228073
353228131
353228159
353228200
353228252
353228275
353228317
353228350
353228396
353228456
353228517
353228567
353228620
353228663
353228715
353228759
353228825
353228858
353228907
353228952
353228983
353229045
353229086
353229132
353229195
353229241
353229280
353229313
353229346
353229406
353229442
353229483
353229517
353229567
353229596
353229644
353229686
353229727
353229756
353229805
353229846
353229895
353229924
353229989
353230021
353230061
353230112
353230165
353230207
353230255
353230296
353230320
353230385
353230423
353230446
353230493
353230529
353230552
353230594
353230640
353230688
353230735
353230771
353230805
353230845
353230889
353230935
353230984
353231053
353231121
353231164
353231192
353231223
353231281
353231329
353231374
353231432
353231472
353231497
353231540
353231568
353231607
353231647
353231713
353231740
353231779
353231828
353231867
353231933
353231992
353232020
353232066
353232092
353232143
353232178
353232214
353232244
353232289
353232328
353232360
353232400
353232429
353232481
353232532
353232562
353232588
353232630
353232667
353232698
353232734
353232769
353232826
353232849
353232900
353232943
353232996
353233019
353233070
353233109
353233143
353233173
353233228
353233267
353233300
353233344
353233374
353233418
353233444
353233482
353233511
353233542
353233572
353233609
353233650
353233683
353233727
353233783
353233824
353233855
353233887
353233937
353233976
353234033
353234099
353234140
353234189
353234223
353234257
353234311
353234337
353234373
353234425
353234465
353234495
353234534
353234573
353234616
353234639
353234664
353234704
353234753
353234814
353234867
353234893
353234916
353234969
353235013
353235060
353235106
353235158
353235210
353235234
353235293
353235343
353235382
353235448
353235497
353235562
353235613
353235638
353235678
353235700
353235731
353235775
353235834
353235875
353235930
353235965
353236037
353236073
353236130
353236178
353236224
353236260
353236305
353236329
353236369
353236425
353236468
353236516
353236581
353236629
353236667
353236715
353236764
353236801
353236849
353236899
353236926
353236982
353237013
353237048
353237079
353237123
353237184
353237234
353237274
353237328
353237377
353237427
353237464
353237512
353237586
353237637
353237684
353237739
353237774
353237825
353237850
353237891
353237927
353237964
353238016
353238066
353238120
353238167
353238222
353238238
353238280
353238321
353238366
353238409
353238431
353238471
353238510
353238549
353238585
353238638
353238683
353238721
353238770
353238821
353238878
353238928
353238966
353239012
353239053
353239105
353239141
353239182
353239243
353239284
353239319
353239359
353239398
353239460
353239493
353239528
353239590
353239663
353239714
353239765
353239817
353239851
353239902
353239925
353239964
353240024
353240063
353240094
353240140
353240182
353240243
353240290
353240329
353240377
353240413
353240451
353240483
353240527
353240566
353240603
353240637
353240693
353240728
353240787
353240840
353240872
353240905
353240955
353241013
353241055
353241084
353241138
353241191
353241234
353241267
353241310
353241367
353241418
353241460
353241503
353241566
353241610
353241637
353241684
353241733
353241773
353241824
353241885
353241951
353241996
353242048
353242095
353242160
353242208
353242279
353242304
353242333
353242388
353242442
353242486
353242519
353242565
353242605
353242649
353242723
353242772
353242821
353242857
353242906
353242926
353242958
353242996
353243035
353243069
353243137
353243202
353243237
353243264
353243308
353243352
353243409
353243452
353243514
353243556
353243593
353243651
353243709
353243756
353243791
353243822
353243866
353243905
353243951
353244014
353244046
353244100
353244156
353244201
353244253
353244277
353244327
353244364
353244422
353244471
353244524
353244559
353244631
353244669
353244701
353244740
353244779
353244828
353244889
353244948
353244996
353245060
353245102
353245136
353245166
353245231
353245280
353245302
353245354
353245378
353245417
353245469
353245519
353245567
353245609
353245654
353245713
353245765
353245822
353245863
353245910
353245958
353246016
353246073
353246130
353246171
353246222
353246256
353246294
353246338
353246399
353246432
353246480
353246519
353246538
353246586
353246627
353246661
353246692
353246738
353246789
353246827
353246864
353246907
353246971
353247032
353247063
353247098
353247145
353247179
353247208
353247244
353247289
353247343
353247399
353247431
353247486
353247537
353247593
353247649
353247693
353247738
353247765
353247813
353247874
353247921
353247964
353248013
353248046
353248083
353248114
353248163
353248207
353248248
353248291
353248330
353248377
353248424
353248477
353248511
353248545
353248574
353248645
353248689
353248737
353248768
353248803
353248862
353248891
353248931
353248974
353248998
353249041
353249090
353249158
353249228
353249259
353249303
353249333
353249370
353249402
353249455
353249493
353249531
353249561
353249602
353249647
353249693
353249734
353249791
353249823
353249842
353249869
353249907
353249940
353249994
353250066
353250108
353250169
353250220
353250276
353250315
353250352
353250396
353250430
353250484
353250541
353250594
353250638
353250680
353250732
353250768
353250811
353250854
353250886
353250937
353250983
353251038
353251067
353251103
353251158
353251185
353251229
353251258
353251317
353251358
353251394
353251438
353251490
353251537
353251561
353251597
353251633
353251670
353251730
353251771
353251821
353251857
353251910
353251946
353251987
353252036
353252087
353252128
353252197
353252266
353252314
353252350
353252422
353252480
353252517
353252558
353252625
353252663
353252694
353252735
353252766
353252809
353252840
353252879
353252913
353252958
353252985
353253012
353253038
353253077
353253116
353253152
353253212
353253268
353253314
353253367
353253428
353253448
353253478
353253535
353253568
353253634
353253671
353253723
353253772
353253816
353253852
353253904
353253945
353253982
353254018
353254068
353254120
353254167
353254218
353254261
353254306
353254331
353254349
353254388
353254439
353254469
353254526
353254568
353254597
353254620
353254666
353254719
353254786
353254821
353254875
353254932
353254959
353255010
353255063
353255107
353255132
353255171
353255233
353255283
353255332
353255384
353255423
353255453
353255483
353255545
353255594
353255657
353255707
353255756
353255804
353255841
353255892
353255942
353255992
353256059
353256098
353256125
353256182
353256224
353256263
353256302
353256353
353256405
353256448
353256482
353256510
353256537
353256593
353256657
353256700
353256735
353256770
353256818
353256865
353256919
353256951
353256997
353257055
353257099
353257137
353257174
353257207
353257238
353257274
353257331
353257378
353257411
353257466
353257499
353257533
353257566
353257616
353257659
353257707
353257737
353257781
353257833
353257864
353257894
353257951
353257993
353258043
353258080
353258129
353258183
353258227
353258279
353258308
353258348
353258419
353258458
353258525
353258577
353258641
353258681
353258742
353258782
353258821
353258855
353258896
353258929
353258974
353259007
353259046
353259081
353259122
353259167
353259226
353259262
353259295
353259331
353259375
353259414
353259491
353259522
353259552
353259589
353259636
353259683
353259727
353259758
353259801
353259846
353259868
353259912
353259937
353259974
353260006
353260044
353260072
353260125
353260158
353260191
353260238
353260262
353260315
353260342
353260394
353260441
353260495
353260551
353260614
353260668
353260720
353260757
353260805
353260858
353260904
353260936
353260991
353261019
353261079
353261125
353261171
353261213
353261243
353261272
353261314
353261344
353261380
353261409
353261461
353261495
353261525
353261553
353261601
353261636
353261683
353261722
353261753
353261793
353261833
353261870
353261911
353261946
353261994
353262034
353262070
353262118
353262146
353262177
353262236
353262267
353262311
353262346
353262378
353262419
353262456
353262495
353262538
353262566
353262629
353262669
353262718
353262765
353262808
353262832
353262869
353262901
353262950
353263013
353263069
353263119
353263150
353263177
353263195
353263232
353263271
353263314
353263362
353263412
353263458
353263509
353263529
353263574
353263606
353263646
353263678
353263720
353263779
353263845
353263896
353263936
353263988
353264024
353264069
353264115
353264156
353264182
353264226
353264261
353264321
353264344
353264378
353264422
353264464
353264518
353264579
353264640
353264688
353264726
353264764
353264802
353264842
353264908
353264963
353265012
353265040
353265066
353265114
353265155
353265182
353265217
353265244
353265283
353265339
353265380
353265420
353265462
353265487
353265505
353265538
353265579
353265622
353265656
353265685
353265740
353265797
353265850
353265889
353265938
353265970
353265996
353266032
353266075
353266119
353266160
353266221
353266273
353266308
353266354
353266397
353266461
353266496
353266534
353266571
353266611
353266657
353266687
353266729
353266797
353266832
353266890
353266934
353266970
353267032
353267069
353267114
353267165
353267213
353267244
353267293
353267326
353267366
353267406
353267449
353267485
353267524
353267582
353267629
353267666
353267703
353267736
353267788
353267824
353267857
353267892
353267929
353267985
353268028
353268060
353268105
353268136
353268178
353268207
353268240
353268287
353268331
353268375
353268415
353268462
353268503
353268556
353268618
353268653
353268689
353268714
353268756
353268813
353268866
353268907
353268950
353269005
353269051
353269094
353269129
353269177
353269212
353269262
353269315
353269364
353269401
353269439
353269485
353269525
353269574
353269633
353269663
353269689
353269733
353269770
353269820
353269845
353269887
353269944
353269989
353270037
353270071
353270122
353270169
353270225
353270269
353270299
353270329
353270364
353270390
353270455
353270505
353270550
353270609
353270646
353270707
353270763
353270802
353270837
353270876
353270931
353270957
353270999
353271052
353271093
353271145
353271171
353271217
353271273
353271308
353271365
353271420
353271464
353271506
353271547
353271567
353271603
353271638
353271674
353271718
353271745
353271783
353271817
353271837
353271874
353271911
353271947
353271975
353272025
353272059
353272079
353272112
353272157
353272191
353272229
353272272
353272304
353272346
353272395
353272425
353272454
353272484
353272544
353272590
353272623
353272667
353272714
353272752
353272806
353272851
353272896
353272947
353273009
353273059
353273090
353273145
353273192
353273225
353273266
353273330
353273362
353273417
353273442
353273482
353273532
353273571
353273628
353273686
353273746
353273780
353273836
353273864
353273899
353273955
353273995
353274046
353274100
353274149
353274186
353274237
