353032754
353032830
353032883
353032957
353033018
353033083
353033140
353033175
353033222
353033273
353033327
353033379
353033413
353033452
353033486
353033522
353033591
353033640
353033685
353033749
353033811
353033850
353033895
353033957
353033999
353034029
353034062
353034110
353034153
353034196
353034243
353034262
353034310
353034352
353034394
353034440
353034480
353034532
353034573
353034626
353034678
353034749
353034800
353034829
353034880
353034905
353034950
353035001
353035056
353035109
353035171
353035203
353035235
353035265
353035303
353035360
353035395
353035450
353035484
353035529
353035576
353035622
353035671
353035704
353035753
353035781
353035852
353035882
353035920
353035952
353036006
353036060
353036089
353036129
353036168
353036213
353036263
353036317
353036342
353036383
353036424
353036480
353036523
353036570
353036597
353036659
353036716
353036763
353036808
353036839
353036879
353036916
353036972
353037008
353037050
353037093
353037140
353037203
353037248
353037313
353037344
353037383
353037421
353037453
353037504
353037567
353037623
353037657
353037688
353037726
353037766
353037811
353037860
353037890
353037918
353037965
353038019
353038067
353038107
353038147
353038182
353038228
353038264
353038333
353038393
353038425
353038457
353038512
353038567
353038597
353038650
353038709
353038756
353038802
353038845
353038906
353038951
353038990
353039025
353039064
353039126
353039174
353039201
353039269
353039306
353039334
353039393
353039447
353039490
353039535
353039588
353039638
353039682
353039723
353039767
353039825
353039863
353039914
353039956
353039998
353040029
353040085
353040127
353040160
353040209
353040268
353040318
353040368
353040403
353040458
353040516
353040554
353040586
353040627
353040659
353040710
353040759
353040817
353040857
353040897
353040942
353040985
353041029
353041063
353041124
353041160
353041204
353041256
353041304
353041356
353041417
353041452
353041507
353041545
353041603
353041655
353041715
353041769
353041805
353041862
353041890
353041941
353041989
353042035
353042134
353042185
353042217
353042254
353042291
353042326
353042370
353042414
353042478
353042517
353042545
353042571
353042601
353042648
353042715
353042773
353042820
353042842
353042877
353042926
353042976
353043025
353043046
353043084
353043113
353043153
353043190
353043245
353043282
353043328
353043356
353043399
353043432
353043485
353043535
353043578
353043641
353043674
353043723
353043766
353043816
353043867
353043911
353043960
353043994
353044018
353044064
353044111
353044160
353044193
353044238
353044274
353044297
353044342
353044388
353044441
353044490
353044551
353044592
353044633
353044680
353044735
353044765
353044820
353044891
353044979
353045011
353045062
353045103
353045173
353045225
353045259
353045296
353045318
353045358
353045409
353045451
353045519
353045547
353045612
353045660
353045691
353045750
353045805
353045855
353045931
353045961
353045997
353046052
353046109
353046160
353046222
353046269
353046331
353046370
353046408
353046448
353046518
353046587
353046655
353046696
353046732
353046769
353046825
353046861
353046917
353046958
353047017
353047056
353047094
353047157
353047220
353047267
353047308
353047343
353047385
353047436
353047483
353047524
353047565
353047627
353047679
353047734
353047781
353047813
353047839
353047892
353047950
353048025
353048087
353048145
353048186
353048206
353048239
353048294
353048339
353048373
353048423
353048456
353048521
353048576
353048645
353048676
353048724
353048757
353048793
353048829
353048854
353048888
353048933
353048962
353049005
353049034
353049056
353049083
353049113
353049147
353049175
353049221
353049273
353049311
353049360
353049391
353049436
353049473
353049556
353049621
353049674
353049705
353049732
353049765
353049817
353049884
353049943
353050003
353050055
353050088
353050141
353050193
353050256
353050329
353050393
353050438
353050481
353050512
353050550
353050585
353050634
353050674
353050717
353050754
353050787
353050828
353050878
353050922
353050970
353051021
353051082
353051124
353051161
353051219
353051254
353051297
353051363
353051413
353051461
353051509
353051548
353051592
353051646
353051696
353051723
353051765
353051821
353051892
353051940
353051989
353052032
353052064
353052099
353052137
353052190
353052224
353052277
353052350
353052406
353052443
353052505
353052554
353052609
353052642
353052693
353052741
353052787
353052854
353052918
353052966
353053023
353053067
353053129
353053201
353053252
353053293
353053350
353053378
353053433
353053489
353053524
353053576
353053618
353053664
353053699
353053757
353053796
353053839
353053883
353053920
353053950
353054007
353054039
353054058
353054103
353054165
353054187
353054260
353054306
353054373
353054411
353054452
353054492
353054533
353054585
353054647
353054705
353054750
353054786
353054826
353054865
353054913
353054942
353054997
353055049
353055085
353055130
353055170
353055200
353055224
353055261
353055297
353055339
353055386
353055416
353055471
353055519
353055567
353055619
353055676
353055738
353055790
353055836
353055889
353055929
353055970
353056015
353056058
353056092
353056138
353056167
353056218
353056273
353056352
353056424
353056477
353056539
353056581
353056635
353056681
353056742
353056798
353056842
353056871
353056927
353056978
353057038
353057101
353057164
353057222
353057257
353057303
353057337
353057363
353057402
353057456
353057499
353057555
353057599
353057648
353057684
353057755
353057827
353057884
353057921
353057976
353058010
353058045
353058087
353058132
353058182
353058223
353058267
353058297
353058333
353058369
353058419
353058454
353058513
353058552
353058592
353058633
353058702
353058757
353058804
353058847
353058900
353058949
353058988
353059039
353059070
353059121
353059175
353059229
353059300
353059349
353059390
353059450
353059500
353059542
353059591
353059649
353059683
353059720
353059753
353059792
353059852
353059918
353059952
353060024
353060050
353060101
353060142
353060199
353060240
353060279
353060345
353060384
353060414
353060447
353060494
353060553
353060593
353060646
353060709
353060747
353060780
353060827
353060883
353060922
353060960
353061015
353061058
353061107
353061155
353061194
353061249
353061287
353061324
353061381
353061433
353061485
353061535
353061581
353061629
353061670
353061699
353061765
353061828
353061880
353061924
353061988
353062053
353062080
353062131
353062191
353062242
353062280
353062340
353062408
353062458
353062510
353062584
353062653
353062700
353062747
353062789
353062823
353062870
353062927
353062951
353063009
353063049
353063102
353063159
353063234
353063290
353063344
353063400
353063440
353063502
353063546
353063572
353063620
353063688
353063732
353063790
353063846
353063889
353063932
353063960
353064017
353064066
353064106
353064167
353064197
353064234
353064304
353064345
353064395
353064453
353064496
353064542
353064617
353064694
353064733
353064821
353064896
353064956
353065012
353065065
353065103
353065156
353065215
353065258
353065299
353065342
353065382
353065426
353065487
353065528
353065588
353065649
353065687
353065722
353065769
353065837
353065889
353065937
353065985
353066036
353066068
353066124
353066166
353066222
353066285
353066338
353066390
353066436
353066474
353066526
353066564
353066610
353066646
353066699
353066753
353066814
353066877
353066928
353066955
353067008
353067067
353067104
353067167
353067209
353067249
353067307
353067358
353067401
353067448
353067511
353067573
353067609
353067669
353067719
353067772
353067839
353067889
353067931
353067993
353068037
353068071
353068107
353068143
353068191
353068216
353068241
353068288
353068339
353068375
353068412
353068443
353068466
353068507
353068564
353068606
353068645
353068681
353068726
353068808
353068865
353068910
353068954
353068978
353069031
353069062
353069111
353069159
353069221
353069264
353069332
353069391
353069437
353069498
353069552
353069584
353069630
353069700
353069754
353069790
353069852
353069892
353069954
353069989
353070054
353070084
353070139
353070186
353070209
353070258
353070289
353070333
353070370
353070426
353070465
353070502
353070563
353070604
353070653
353070698
353070773
353070832
353070880
353070952
353070988
353071031
353071094
353071157
353071204
353071235
353071288
353071333
353071366
353071399
353071456
353071513
353071561
353071618
353071677
353071729
353071809
353071858
353071894
353071955
353072025
353072087
353072152
353072197
353072252
353072304
353072362
353072389
353072430
353072478
353072524
353072545
353072580
353072640
353072679
353072716
353072748
353072790
353072830
353072868
353072896
353072949
353072999
353073064
353073129
353073169
353073207
353073254
353073315
353073341
353073395
353073440
353073486
353073520
353073572
353073635
353073666
353073707
353073763
353073805
353073848
353073916
353073940
353073983
353074018
353074096
353074136
353074186
353074237
353074275
353074307
353074367
353074414
353074482
353074533
353074572
353074607
353074657
353074706
353074753
353074785
353074853
353074891
353074945
353074995
353075036
353075097
353075139
353075187
353075229
353075260
353075295
353075338
353075391
353075440
353075504
353075570
353075613
353075661
353075720
353075767
353075824
353075858
353075913
353075980
353076045
353076083
353076122
353076185
353076230
353076286
353076329
353076362
353076396
353076459
353076521
353076576
353076627
353076661
353076703
353076742
353076817
353076884
353076955
353077016
353077066
353077119
353077144
353077188
353077228
353077267
353077317
353077371
353077423
353077480
353077523
353077557
353077601
353077641
353077695
353077748
353077818
353077880
353077913
353077974
353078037
353078089
353078137
353078197
353078238
353078280
353078326
353078374
353078420
353078456
353078503
353078548
353078578
353078615
353078649
353078702
353078749
353078813
353078872
353078901
353078958
353079005
353079047
353079085
353079133
353079163
353079200
353079265
353079315
353079338
353079368
353079416
353079472
353079513
353079553
353079617
353079664
353079708
353079748
353079785
353079823
353079873
353079930
353079983
353080025
353080073
353080122
353080164
353080225
353080258
353080302
353080341
353080399
353080436
353080476
353080531
353080575
353080624
353080666
353080720
353080775
353080816
353080855
353080916
353080972
353081029
353081076
353081117
353081177
353081219
353081248
353081284
353081329
353081381
353081434
353081491
353081557
353081604
353081635
353081676
353081711
353081763
353081824
353081880
353081946
353082003
353082047
353082086
353082153
353082212
353082255
353082296
353082335
353082382
353082439
353082484
353082527
353082573
353082608
353082637
353082677
353082736
353082781
353082812
353082869
353082921
353082949
353082981
353083025
353083080
353083128
353083170
353083235
353083285
353083335
353083368
353083407
353083430
353083466
353083505
353083557
353083599
353083638
353083683
353083734
353083807
353083859
353083889
353083942
353083977
353084025
353084052
353084089
353084160
353084217
353084291
353084332
353084370
353084412
353084461
353084521
353084565
353084605
353084668
353084735
353084797
353084857
353084883
353084938
353084969
353085028
353085062
353085105
353085139
353085193
353085234
353085289
353085343
353085397
353085427
353085484
353085540
353085584
353085643
353085684
353085728
353085769
353085825
353085874
353085938
353085968
353086013
353086054
353086099
353086137
353086187
353086249
353086319
353086374
353086410
353086441
353086490
353086555
353086600
353086650
353086685
353086745
353086800
353086861
353086911
353086966
353087010
353087062
353087124
353087171
353087210
353087264
353087303
353087358
353087410
353087463
353087505
353087541
353087608
353087669
353087726
353087778
353087844
353087891
353087939
353087989
353088036
353088076
353088113
353088165
353088218
353088253
353088322
353088374
353088415
353088453
353088492
353088530
353088586
353088620
353088659
353088681
353088730
353088762
353088824
353088879
353088922
353088967
353089037
353089099
353089148
353089187
353089244
353089287
353089332
353089393
353089440
353089472
353089522
353089567
353089615
353089651
353089693
353089747
353089774
353089829
353089865
353089912
353089958
353090010
353090059
353090104
353090151
353090203
353090247
353090298
353090352
353090408
353090442
353090492
353090553
353090604
353090658
353090729
353090806
353090862
353090912
353090941
353090985
353091016
353091051
353091085
353091146
353091187
353091250
353091294
353091354
353091411
353091444
353091468
353091532
353091603
353091647
353091678
353091724
353091762
353091794
353091851
353091899
353091935
353091980
353092048
353092080
353092147
353092189
353092248
353092311
353092344
353092380
353092426
353092470
353092509
353092563
353092598
353092628
353092658
353092684
353092729
353092765
353092812
353092867
353092918
353092976
353093026
353093073
353093125
353093173
353093229
353093295
353093345
353093407
353093454
353093501
353093553
353093589
353093631
353093671
353093720
353093766
353093808
353093875
353093916
353093956
353093979
353094029
353094084
353094140
353094177
353094202
353094265
353094316
353094363
353094405
353094446
353094486
353094530
353094564
353094619
353094673
353094724
353094780
353094836
353094864
353094928
353094960
353095021
353095052
353095085
353095138
353095183
353095219
353095271
353095329
353095377
353095440
353095472
353095521
353095565
353095622
353095666
353095707
353095749
353095791
353095836
353095872
353095939
353096001
353096032
353096073
353096115
353096154
353096181
353096228
353096289
353096332
353096375
353096417
353096460
353096518
353096590
353096639
353096685
353096737
353096777
353096846
353096882
353096931
353096969
353097025
353097091
353097122
353097178
353097225
353097275
353097303
353097343
353097404
353097453
353097480
353097546
353097583
353097620
353097673
353097708
353097750
353097805
353097842
353097903
353097952
353097997
353098040
353098091
353098156
353098234
353098276
353098326
353098369
353098399
353098436
353098479
353098515
353098550
353098579
353098636
353098697
353098754
353098823
353098867
353098907
353098964
353099025
353099056
353099095
353099132
353099208
353099258
353099316
353099361
353099413
353099457
353099522
353099554
353099615
353099665
353099714
353099760
353099829
353099878
353099931
353099985
353100045
353100108
353100164
353100203
353100253
353100282
353100355
353100403
353100454
353100505
353100550
353100593
353100655
353100688
353100742
353100800
353100860
353100919
353100947
353100986
353101040
353101079
353101106
353101154
353101211
353101258
353101330
353101397
353101443
353101489
353101555
353101617
353101647
353101695
353101740
353101793
353101826
353101879
353101928
353101967
353102006
353102043
353102063
353102114
353102162
353102202
353102252
353102289
353102329
353102371
353102413
353102444
353102473
353102518
353102569
353102621
353102650
353102697
353102755
353102814
353102868
353102912
353102965
353103017
353103049
353103090
353103139
353103197
353103231
353103271
353103308
353103351
353103384
353103419
353103456
353103502
353103541
353103572
353103630
353103673
353103702
353103732
353103775
353103832
353103859
353103905
353103950
353104000
353104055
353104096
353104139
353104162
353104204
353104245
353104299
353104345
353104402
353104456
353104509
353104547
353104599
353104638
353104684
353104733
353104786
353104848
353104903
353104947
353104982
353105047
353105078
353105128
353105176
353105234
353105272
353105301
353105350
353105407
353105456
353105519
353105554
353105602
353105637
353105683
353105754
353105809
353105849
353105905
353105941
353106002
353106041
353106095
353106127
353106154
353106203
353106237
353106288
353106335
353106390
353106436
353106470
353106519
353106576
353106627
353106655
353106714
353106745
353106804
353106840
353106893
353106922
353106956
353107005
353107047
353107079
353107131
353107157
353107197
353107242
353107289
353107321
353107352
353107398
353107450
353107495
353107547
353107603
353107660
353107710
353107767
353107798
353107838
353107878
353107921
353107965
353107998
353108030
353108077
353108123
353108155
353108195
353108240
353108268
353108332
353108360
353108413
353108468
353108494
353108534
353108571
353108602
353108661
353108716
353108767
353108813
353108871
353108930
353108969
353109022
353109074
353109135
353109163
353109202
353109270
353109344
353109377
353109425
353109462
353109525
353109570
353109612
353109644
353109682
353109737
353109792
353109821
353109862
353109882
353109941
353109978
353110036
353110091
353110129
353110168
353110198
353110224
353110255
353110296
353110329
353110364
353110402
353110457
353110493
353110521
353110541
353110582
353110626
353110689
353110735
353110775
353110809
353110874
353110895
353110942
353110977
353111024
353111057
353111104
353111153
353111208
353111266
353111312
353111339
353111381
353111408
353111444
353111486
353111518
353111574
353111628
353111695
353111739
353111809
353111855
353111911
353111959
353111985
353112043
353112093
353112141
353112188
353112231
353112275
353112328
353112379
353112403
353112475
353112523
353112571
353112637
353112681
353112714
353112763
353112794
353112833
353112859
353112910
353112963
353113013
353113069
353113102
353113145
353113171
353113212
353113250
353113284
353113314
353113371
353113410
353113460
353113512
353113561
353113615
353113648
353113691
353113735
353113782
353113819
353113848
353113880
353113918
353113964
353114003
353114063
353114108
353114168
353114229
353114281
353114336
353114385
353114428
353114472
353114505
353114540
353114587
353114638
353114675
353114725
353114777
353114823
353114887
353114943
353114988
353115019
353115065
353115127
353115175
353115242
353115281
353115340
353115370
353115429
353115455
353115488
353115548
353115588
353115635
353115677
353115705
353115753
353115808
353115829
353115863
353115903
353115933
353115985
353116035
353116095
353116150
353116205
353116255
353116314
353116356
353116401
353116437
353116490
353116524
353116567
353116622
353116656
353116701
353116749
353116789
353116863
353116907
353116947
353116970
353117010
353117046
353117090
353117116
353117161
353117203
353117247
353117299
353117358
353117384
353117426
353117476
353117540
353117562
353117589
353117611
353117661
353117699
353117745
353117802
353117866
353117932
353117966
353118004
353118060
353118111
353118140
353118188
353118240
353118310
353118361
353118429
353118474
353118507
353118541
353118573
353118628
353118663
353118735
353118768
353118817
353118871
353118915
353118957
353118983
353119046
353119109
353119164
353119210
353119254
353119282
353119331
353119381
353119427
353119463
353119508
353119549
353119612
353119654
353119705
353119761
353119820
353119872
353119927
353119974
353120033
353120074
353120116
353120164
353120205
353120233
353120270
353120301
353120350
353120381
353120423
353120485
353120533
353120598
353120640
353120684
353120717
353120749
353120787
353120837
353120860
353120911
353120950
353120993
353121038
353121103
353121150
353121196
353121256
353121291
353121337
353121358
353121414
353121458
353121502
353121545
353121582
353121621
353121658
353121696
353121750
353121802
353121861
353121924
353121971
353122014
353122067
353122115
353122155
353122211
353122230
353122258
353122323
353122355
353122403
353122447
353122510
353122565
353122596
353122648
353122713
353122764
353122838
353122875
353122909
353122946
353122986
353123011
353123051
353123099
353123147
353123184
353123224
353123264
353123299
353123359
353123410
353123447
353123486
353123533
353123557
353123612
353123676
353123723
353123773
353123809
353123852
353123895
353123960
353123999
353124036
353124115
353124153
353124213
353124255
353124308
353124366
353124404
353124440
353124469
353124520
353124549
353124581
353124609
353124667
353124718
353124769
353124838
353124877
353124944
353124974
353125015
353125085
353125116
353125175
353125241
353125278
353125324
353125358
353125413
353125448
353125478
353125520
353125573
353125628
353125664
353125720
353125775
353125849
353125902
353125949
353125984
353126037
353126097
353126150
353126194
353126265
353126298
353126327
353126376
353126430
353126469
353126518
353126553
353126590
353126650
353126679
353126718
353126768
353126811
353126853
353126894
353126924
353126954
353127010
353127057
353127096
353127159
353127195
353127224
353127263
353127315
353127361
353127397
353127455
353127521
353127577
353127610
353127676
353127712
353127758
353127815
353127874
353127930
353127959
353128001
353128042
353128080
353128115
353128144
353128208
353128242
353128299
353128362
353128414
353128443
353128492
353128537
353128569
353128605
353128653
353128699
353128749
353128802
353128848
353128881
353128917
353128976
353129024
353129072
353129116
353129145
353129198
353129229
353129280
353129332
353129383
353129415
353129449
353129473
353129510
353129566
353129624
353129661
353129714
353129739
353129777
353129827
353129856
353129908
353129972
353130040
353130088
353130133
353130167
353130199
353130239
353130291
353130329
353130360
353130417
353130440
353130478
353130531
353130603
353130667
353130717
353130750
353130793
353130848
353130893
353130951
353131003
353131052
353131096
353131134
353131186
353131235
353131284
353131322
353131341
353131371
353131399
353131449
353131481
353131525
353131571
353131642
353131695
353131720
353131786
353131827
353131864
353131913
353131971
353132038
353132107
353132153
353132194
353132252
353132320
353132361
353132393
353132439
353132474
353132532
353132570
353132614
353132659
353132710
353132752
353132800
353132840
353132883
353132918
353132941
353132994
353133027
353133081
353133139
353133175
353133214
353133259
353133283
353133320
353133386
353133438
353133495
353133531
353133587
353133626
353133672
353133727
353133767
353133828
353133874
353133906
353133948
353133970
353134017
353134058
353134078
353134114
353134149
353134180
353134228
353134272
353134332
353134370
353134403
353134436
353134487
353134536
353134586
353134612
353134666
353134721
353134773
353134825
353134860
353134914
353134965
353135022
353135058
353135097
353135144
353135188
353135212
353135258
353135298
353135339
353135389
353135444
353135475
353135505
353135548
353135581
353135621
353135658
353135700
353135739
353135780
353135837
353135875
353135918
353135969
353136007
353136055
353136112
353136181
353136236
353136307
353136352
353136403
353136437
353136489
353136519
353136555
353136607
353136644
353136692
353136730
353136769
353136833
353136908
353136962
353136998
353137064
353137099
353137144
353137212
353137254
353137308
353137352
353137417
353137446
353137503
353137533
353137565
353137635
353137687
353137752
353137800
353137848
353137889
353137938
353137962
353138015
353138093
353138147
353138193
353138239
353138286
353138330
353138357
353138402
353138460
353138493
353138531
353138590
353138641
353138685
353138725
353138774
353138829
353138876
353138944
353138987
353139020
353139072
353139128
353139192
353139247
353139284
353139310
353139356
353139421
353139492
353139528
353139558
353139620
353139657
353139706
353139735
353139771
353139822
353139889
353139930
353139993
353140023
353140076
353140134
353140193
353140229
353140275
353140330
353140377
353140408
353140442
353140503
353140567
353140614
353140645
353140707
353140738
353140771
353140820
353140851
353140893
353140931
353140971
353141022
353141070
353141118
353141156
353141186
353141229
353141262
353141332
353141371
353141432
353141491
353141542
353141563
353141606
353141657
353141703
353141735
353141756
353141805
353141838
353141882
353141931
353141975
353142041
353142070
353142128
353142169
353142203
353142278
353142315
353142375
353142437
353142480
353142528
353142581
353142626
353142670
353142730
353142789
353142846
353142903
353142942
353142982
353143040
353143061
353143117
353143175
353143219
353143262
353143293
353143333
353143372
353143423
353143475
353143540
353143596
353143635
353143671
353143710
353143768
353143830
353143853
353143907
353143938
353143971
353144025
353144061
353144100
353144159
353144203
353144252
353144279
353144321
353144368
353144411
353144447
353144514
353144556
353144617
353144657
353144719
353144766
353144825
353144875
353144908
353144961
353145003
353145047
353145093
353145146
353145168
353145234
353145277
353145309
353145370
353145410
353145441
353145488
353145557
353145604
353145651
353145699
353145747
353145850
353145907
353145961
353146004
353146030
353146091
353146126
353146153
353146200
353146228
353146259
353146304
353146348
353146386
353146434
353146479
353146517
353146553
353146609
353146652
353146686
353146725
353146790
353146845
353146875
353146926
353146956
353147014
353147072
353147112
353147171
353147202
353147242
353147265
353147331
353147399
353147434
353147477
353147541
353147598
353147632
353147672
353147733
353147802
353147854
353147892
353147956
353148012
353148052
353148083
353148143
353148196
353148250
353148284
353148320
353148362
353148420
353148455
353148506
353148563
353148610
353148644
353148702
353148743
353148784
353148865
353148941
353148973
353149028
353149069
353149094
353149127
353149156
353149212
353149259
353149315
353149379
353149447
353149493
353149537
353149592
353149651
353149674
353149724
353149769
353149806
353149863
353149913
353149961
353150020
353150053
353150110
353150145
353150197
353150244
353150297
353150334
353150359
353150429
353150473
353150525
353150564
353150612
353150655
353150695
353150732
353150788
353150833
353150873
353150914
353150971
353151007
353151034
353151066
353151136
353151193
353151251
353151282
353151348
353151392
353151434
353151475
353151542
353151583
353151639
353151701
353151732
353151787
353151845
353151876
353151904
353151944
353152012
353152049
353152095
353152142
353152176
353152208
353152260
353152300
353152344
353152378
353152409
353152465
353152528
353152576
353152626
353152659
353152697
353152741
353152800
353152848
353152879
353152912
353152956
353153008
353153046
353153073
353153119
353153177
353153215
353153251
353153286
353153342
353153361
353153405
353153449
353153489
353153534
353153560
353153610
353153665
353153713
353153741
353153781
353153816
353153864
353153911
353153967
353154032
353154085
353154133
353154170
353154203
353154239
353154283
353154333
353154393
353154434
353154465
353154519
353154572
353154633
353154682
353154721
353154788
353154828
353154875
353154912
353154954
353155009
353155044
353155104
353155127
353155166
353155197
353155240
353155300
353155340
353155366
353155401
353155432
353155479
353155537
353155586
353155622
353155679
353155737
353155773
353155821
353155847
353155898
353155958
353155996
353156059
353156109
353156135
353156185
353156212
353156274
353156341
353156385
353156443
353156492
353156539
353156577
353156637
353156686
353156725
353156760
353156798
353156839
353156883
353156948
353156995
353157074
353157110
353157157
353157212
353157246
353157285
353157336
353157368
353157433
353157473
353157509
353157551
353157590
353157638
353157672
353157714
353157773
353157814
353157867
353157909
353157965
353158028
353158067
353158115
353158159
353158213
353158260
353158305
353158363
353158437
353158473
353158542
353158588
353158635
353158689
353158733
353158758
353158805
353158851
353158897
353158939
353158975
353159022
353159068
353159131
353159172
353159196
353159238
353159289
353159316
353159359
353159384
353159430
353159475
353159513
353159550
353159594
353159628
353159694
353159740
353159784
353159813
353159853
353159895
353159936
353159990
353160038
353160089
353160119
353160156
353160210
353160242
353160274
353160310
353160348
353160400
353160457
353160492
353160536
353160574
353160617
353160655
353160716
353160779
353160824
353160866
353160908
353160941
353161004
353161063
353161091
353161133
353161182
353161222
353161269
353161306
353161348
353161397
353161445
353161469
353161516
353161549
353161586
353161623
353161671
353161712
353161747
353161792
353161851
353161904
353161952
353161994
353162045
353162086
353162124
353162175
353162223
353162263
353162297
353162345
353162385
353162423
353162463
353162524
353162560
353162617
353162654
353162708
353162739
353162788
353162842
353162866
353162919
353162949
353163010
353163053
353163095
353163132
353163172
353163217
353163267
353163332
353163388
353163452
353163510
353163541
353163578
353163630
353163661
353163704
353163728
353163767
353163800
353163836
353163876
353163914
353163953
353163997
353164056
353164103
353164154
353164189
353164230
353164279
353164323
353164355
353164390
353164424
353164490
353164524
353164563
353164603
353164673
353164716
353164748
353164786
353164837
353164871
353164937
353164982
353165010
353165052
353165112
353165161
353165189
353165237
353165304
353165359
353165400
353165439
353165479
353165536
353165585
353165620
353165657
353165685
353165727
353165786
353165863
353165906
353165943
353166007
353166038
353166057
353166104
353166132
353166181
353166230
353166277
353166331
353166392
353166426
353166460
353166500
353166551
353166602
353166647
353166691
353166748
353166788
353166839
353166871
353166913
353166955
353167013
353167057
353167090
353167133
353167170
353167211
353167251
353167286
353167350
353167396
353167442
353167495
353167542
353167587
353167647
353167692
353167743
353167768
353167797
353167836
353167897
353167965
353168020
353168047
353168080
353168110
353168151
353168198
353168235
353168277
353168311
353168383
353168416
353168462
353168504
353168551
353168582
353168613
353168638
353168671
353168733
353168797
353168841
353168884
353168926
353168954
353169008
353169054
353169100
353169144
353169182
353169238
353169301
353169336
353169391
353169453
353169473
353169521
353169566
353169620
353169665
353169709
353169749
353169794
353169849
353169880
353169930
353169975
353170008
353170038
353170097
353170127
353170178
353170214
353170243
353170265
353170302
353170329
353170369
353170418
353170457
353170505
353170561
353170617
353170659
353170687
353170723
353170765
353170815
353170858
353170907
353170958
353171004
353171045
353171087
353171157
353171203
353171244
353171276
353171319
353171345
353171394
353171434
353171461
353171493
353171534
353171580
353171621
353171677
353171749
353171802
353171860
353171916
353171968
353172025
353172064
353172103
353172140
353172183
353172225
353172258
353172292
353172319
353172375
353172406
353172441
353172500
353172555
353172598
353172638
353172672
353172737
353172762
353172821
353172854
353172893
353172943
353172987
353173030
353173072
353173150
353173212
353173263
353173318
353173348
353173374
353173415
353173448
353173484
353173536
353173580
353173612
353173677
353173746
353173797
353173845
353173890
353173916
353173963
353174006
353174049
353174086
353174162
353174212
353174250
353174292
353174322
353174375
353174419
353174457
353174489
353174526
353174586
353174623
353174642
353174667
353174726
353174758
353174810
353174850
353174903
353174948
353174995
353175038
353175076
353175132
353175167
353175201
353175231
353175269
353175324
353175367
353175411
353175451
353175496
353175517
353175544
353175580
353175626
353175686
353175748
353175791
353175821
353175882
353175931
353175996
353176041
353176085
353176126
353176181
353176231
353176278
353176323
353176366
353176418
353176455
353176502
353176546
353176597
353176631
353176690
353176729
353176786
353176839
353176903
353176948
353176975
353177025
353177061
353177102
353177133
353177185
353177243
353177286
353177337
353177382
353177436
353177475
353177522
353177559
353177595
353177627
353177687
353177719
353177751
353177817
353177876
353177912
353177945
353177982
353178026
353178066
353178098
353178164
353178220
353178270
353178315
353178351
353178400
353178454
353178512
353178558
353178607
353178641
353178730
353178801
353178830
353178858
353178930
353178976
353179014
353179039
353179080
353179116
353179155
353179195
353179259
353179293
353179347
353179393
353179455
353179517
353179559
353179600
353179639
353179684
353179734
353179778
353179832
353179895
353179937
353180001
353180034
353180084
353180137
353180201
353180228
353180279
353180323
353180353
353180413
353180453
353180508
353180558
353180611
353180670
353180708
353180752
353180791
353180841
353180879
353180935
353180980
353181027
353181066
353181120
353181188
353181225
353181271
353181319
353181355
353181431
353181461
353181508
353181549
353181594
353181628
353181671
353181717
353181786
353181849
353181906
353181953
353181984
353182015
353182048
353182109
353182157
353182218
353182252
353182300
353182330
353182369
353182414
353182434
353182489
353182539
353182559
353182609
353182637
353182674
353182710
353182750
353182788
353182821
353182865
353182888
353182942
353183006
353183041
353183074
353183130
353183166
353183202
353183254
353183294
353183331
353183377
353183439
353183477
353183510
353183553
353183579
353183627
353183681
353183733
353183790
353183847
353183872
353183918
353183968
353184012
353184042
353184111
353184144
353184174
353184233
353184275
353184327
353184362
353184409
353184449
353184479
353184521
353184559
353184606
353184663
353184727
353184773
353184813
353184863
353184907
353184935
353184997
353185052
353185087
353185130
353185155
353185189
353185235
353185307
353185342
353185378
353185413
353185445
353185493
353185535
353185561
353185610
353185646
353185701
353185733
353185786
353185832
353185852
353185902
353185932
353185975
353186016
353186084
353186132
353186170
353186200
353186231
353186272
353186328
353186348
353186389
353186417
353186437
353186495
353186534
353186588
353186635
353186666
353186722
353186760
353186809
353186854
353186907
353186952
353187012
353187054
353187111
353187134
353187157
353187225
353187277
353187315
353187362
353187405
353187450
353187503
353187533
353187593
353187660
353187706
353187753
353187798
353187848
353187893
353187940
353187975
353188011
353188043
353188079
353188118
353188157
353188187
353188235
353188267
353188293
353188334
353188373
353188440
353188500
353188539
353188595
353188642
353188682
353188737
353188794
353188814
353188837
353188892
353188937
353188988
353189021
353189053
353189096
353189140
353189193
353189219
353189244
353189290
353189334
353189378
353189436
353189467
353189517
353189555
353189588
353189644
353189696
353189725
353189766
353189810
353189842
353189895
353189926
353189966
353190007
353190050
353190079
353190121
353190149
353190216
353190268
353190304
353190362
353190406
353190444
353190493
353190541
353190587
353190612
353190645
353190676
353190716
353190780
353190826
353190878
353190917
353190958
353190987
353191024
353191079
353191134
353191182
353191218
353191242
353191270
353191305
353191339
353191360
353191410
353191451
353191478
353191518
353191578
353191612
353191647
353191696
353191738
353191789
353191848
353191906
353191951
353192016
353192060
353192099
353192136
353192173
353192226
353192289
353192333
353192394
353192437
353192492
353192552
353192608
353192654
353192704
353192780
353192828
353192862
353192907
353192938
353192960
353193010
353193046
353193083
353193118
353193175
353193226
353193274
353193310
353193339
353193398
353193447
353193483
353193514
353193553
353193592
353193628
353193684
353193740
353193799
353193849
353193895
353193946
353193982
353194014
353194062
353194104
353194163
353194189
353194218
353194268
353194325
353194356
353194402
353194451
353194488
353194555
353194585
353194634
353194667
353194690
353194737
353194776
353194837
353194885
353194928
353194973
353195004
353195025
353195080
353195104
353195145
353195180
353195224
353195266
353195315
353195358
353195382
353195424
353195487
353195519
353195566
353195605
353195643
353195685
353195717
353195758
353195802
353195838
353195874
353195904
353195947
353195995
353196045
353196113
353196166
353196215
353196239
353196266
353196301
353196351
353196381
353196423
353196491
353196528
353196577
353196631
353196674
353196717
353196774
353196821
353196862
353196899
353196932
353196961
353197009
353197065
353197119
353197185
353197241
353197279
353197324
353197359
353197416
353197458
353197534
353197574
353197613
353197647
353197670
353197694
353197747
353197797
353197860
353197913
353197972
353198012
353198053
353198100
353198164
353198200
353198253
353198304
353198343
353198393
353198442
353198488
353198525
353198583
353198625
353198670
353198731
353198765
353198812
353198855
353198892
353198919
353198962
353199005
353199040
353199086
353199117
353199152
353199184
353199228
353199267
353199310
353199344
353199403
353199434
353199465
353199507
353199550
353199582
353199642
353199689
353199744
353199794
353199858
353199896
353199949
353199973
353200023
353200083
353200113
353200161
353200213
353200233
353200278
353200328
353200366
353200430
353200488
353200536
353200558
353200596
353200652
353200684
353200732
353200769
353200805
353200843
353200895
353200936
353200962
353200998
353201034
353201068
353201100
353201126
353201175
353201205
353201233
353201264
353201298
353201349
353201378
353201421
353201467
353201502
353201558
353201613
353201660
353201703
353201738
353201761
353201790
353201842
353201905
353201945
353201964
353202004
353202037
353202098
353202161
353202205
353202257
353202291
353202326
353202373
353202411
353202482
353202525
353202570
353202617
353202662
353202703
353202757
353202822
353202865
353202920
353202954
353202987
353203035
353203088
353203154
353203198
353203252
353203308
353203345
353203396
353203456
353203488
353203545
353203585
353203625
353203653
353203700
353203755
353203806
353203869
353203891
353203937
353203989
353204046
353204090
353204133
353204200
353204252
353204275
353204317
353204378
353204418
353204464
353204518
353204589
353204646
353204704
353204761
353204813
353204883
353204935
353204966
353204994
353205041
353205085
353205121
353205153
353205204
353205251
353205300
353205347
353205398
353205450
353205514
353205555
353205592
353205637
353205697
353205738
353205812
353205852
353205926
353205969
353206022
353206079
353206119
353206157
353206218
353206288
353206339
353206379
353206423
353206466
353206516
353206567
353206621
353206644
353206680
353206707
353206740
353206803
353206842
353206885
353206922
353206957
353206980
353207017
353207058
353207100
353207152
353207172
353207230
353207262
353207322
353207382
353207454
353207488
353207519
353207552
353207595
353207629
353207677
353207723
353207777
353207833
353207879
353207938
353207956
353208011
353208063
353208100
353208124
353208150
353208188
353208220
353208257
353208295
353208324
353208370
353208412
353208469
353208502
353208547
353208581
353208621
353208674
353208730
353208788
353208849
353208884
353208920
353208965
353209000
353209045
353209087
353209133
353209186
353209224
353209264
353209307
353209365
353209403
353209428
353209468
353209519
353209575
353209625
353209667
353209709
353209744
353209799
353209852
353209882
353209922
353209955
353210009
353210055
353210103
353210162
353210197
353210254
353210287
353210339
353210384
353210427
353210483
353210517
353210554
353210588
353210620
353210668
353210713
353210767
353210817
353210883
353210933
353210984
353211033
353211077
353211144
353211184
353211207
353211246
353211275
353211321
353211361
353211416
353211447
353211494
353211539
353211576
353211621
353211646
353211676
353211713
353211760
353211830
353211856
353211902
353211966
353212003
353212035
353212072
353212108
353212150
353212203
353212236
353212265
353212318
353212361
353212395
353212446
353212487
353212542
353212579
353212614
353212656
353212679
353212729
353212760
353212823
353212892
353212949
353213017
353213059
353213096
353213141
353213182
353213251
353213282
353213330
353213390
353213423
353213486
353213531
353213567
353213629
353213667
353213708
353213738
353213771
353213839
353213867
353213908
353213939
353213980
353214011
353214056
353214104
353214137
353214169
353214206
353214264
353214306
353214334
353214382
353214413
353214451
353214496
353214536
353214567
353214613
353214659
353214684
353214756
353214797
353214825
353214879
353214922
353214946
353214998
353215047
353215101
353215139
353215163
353215199
353215244
353215288
353215345
353215396
353215456
353215513
353215563
353215595
353215632
353215690
353215746
353215799
353215847
353215889
353215912
353215957
353215988
353216020
353216061
353216127
353216157
353216203
353216249
353216303
353216348
353216405
353216432
353216469
353216490
353216545
353216588
353216624
353216653
353216704
353216749
353216782
353216833
353216865
353216915
353216965
353216998
353217022
353217059
353217106
353217135
353217170
353217202
353217251
353217274
353217323
353217363
353217418
353217443
353217486
353217522
353217554
353217591
353217638
353217681
353217720
353217770
353217801
353217844
353217868
353217900
353217931
353217958
353217988
353218031
353218078
353218107
353218149
353218207
353218251
353218277
353218305
353218356
353218396
353218446
353218514
353218556
353218614
353218649
353218683
353218737
353218766
353218809
353218857
353218898
353218932
353218962
353219014
353219059
353219084
353219110
353219153
353219210
353219263
353219332
353219350
353219367
353219411
353219448
353219493
353219541
353219583
353219632
353219657
353219715
353219753
353219812
353219878
353219928
353219992
353220049
353220075
353220115
353220137
353220172
353220229
353220285
353220325
353220371
353220402
353220461
353220502
353220548
353220600
353220659
353220704
353220744
353220767
353220805
353220869
353220916
353220960
353221029
353221074
353221121
353221165
353221217
353221262
353221327
353221377
353221409
353221472
353221508
353221538
353221565
353221622
353221684
353221731
353221773
353221824
353221869
353221925
353221956
353221992
353222052
353222099
353222152
353222208
353222243
353222296
353222321
353222369
353222417
353222463
353222529
353222584
353222642
353222691
353222744
353222761
353222805
353222848
353222894
353222937
353222958
353222989
353223028
353223072
353223114
353223160
353223211
353223244
353223294
353223337
353223384
353223423
353223460
353223506
353223546
353223605
353223646
353223680
353223729
353223774
353223827
353223878
353223934
353223982
353224014
353224044
353224096
353224162
353224219
353224268
353224316
353224350
353224389
353224418
353224480
353224538
353224567
353224601
353224654
353224693
353224762
353224814
353224861
353224917
353224947
353224989
353225025
353225069
353225102
353225152
353225182
353225226
353225263
353225316
353225367
353225393
353225424
353225480
353225523
353225558
353225590
353225639
353225685
353225732
353225762
353225802
353225856
353225894
353225935
353225973
353226038
353226073
353226106
353226148
353226201
353226237
353226284
353226355
353226420
353226477
353226540
353226591
353226644
353226697
353226764
353226793
353226820
353226879
353226934
353226973
353227004
353227055
353227095
353227140
353227203
353227247
353227288
353227322
353227363
353227386
353227423
353227474
353227524
353227570
353227626
353227691
353227730
353227762
353227809
353227850
353227899
353227941
353228013
353228063
353228090
353228143
353228203
353228244
353228276
353228303
353228358
353228393
353228428
353228505
353228539
353228592
353228641
353228685
353228745
353228774
353228834
353228868
353228928
353228979
353229038
353229079
353229145
353229188
353229226
353229264
353229305
353229354
353229413
353229470
353229528
353229600
353229640
353229678
353229712
353229788
353229848
353229876
353229937
353229958
353230009
353230062
353230110
353230160
353230199
353230241
353230295
353230344
353230386
353230416
353230454
353230496
353230544
353230595
353230638
353230668
353230709
353230755
353230795
353230832
353230891
353230923
353230968
353231008
353231033
353231072
353231119
353231161
353231194
353231233
353231289
353231319
353231365
353231403
353231455
353231502
353231538
353231570
353231609
353231640
353231663
353231698
353231748
353231793
353231830
353231857
353231902
353231945
353231995
353232045
353232094
353232134
353232161
353232208
353232265
353232313
353232353
353232402
353232440
353232474
353232503
353232549
353232606
353232649
353232700
353232737
353232773
353232823
353232883
353232921
353232963
353232990
353233063
353233100
353233145
353233187
353233224
353233280
353233308
353233346
353233381
353233411
353233458
353233506
353233571
353233624
353233654
353233708
353233739
353233771
353233796
353233841
353233885
353233924
353233958
353234000
353234043
353234083
353234124
353234177
353234212
353234235
353234261
353234297
353234333
353234381
353234436
353234483
353234549
353234598
353234672
353234711
353234746
353234802
353234841
353234905
353234962
353235010
353235046
353235077
353235128
353235162
353235199
353235239
353235270
353235314
353235357
353235411
353235441
353235468
353235512
353235539
353235577
353235610
353235664
353235702
353235737
353235786
353235842
353235880
353235903
353235942
353235973
353236012
353236076
353236118
353236158
353236191
353236256
353236292
353236339
353236386
353236445
353236486
353236554
353236617
353236677
353236710
353236774
353236834
353236872
353236920
353236986
353237034
353237076
353237128
353237163
353237197
353237220
353237254
353237285
353237329
353237351
353237380
353237406
353237459
353237511
353237549
353237603
353237655
353237689
353237732
353237779
353237807
353237845
353237905
353237941
353237996
353238038
353238092
353238139
353238187
353238229
353238276
353238307
353238344
353238384
353238430
353238479
353238529
353238569
353238604
353238646
353238672
353238693
353238737
353238790
353238818
353238868
353238929
353238968
353238996
353239042
353239108
353239167
353239201
353239247
353239295
353239327
353239377
353239427
353239463
353239487
353239526
353239570
353239621
353239674
353239732
353239778
353239807
353239851
353239910
353239970
353240039
353240084
353240139
353240181
353240210
353240258
353240310
353240351
353240422
353240457
353240484
353240544
353240582
353240626
353240677
353240734
353240783
353240814
353240862
353240898
353240926
353240989
353241049
353241089
353241124
353241156
353241198
353241253
353241300
353241341
353241401
353241462
353241505
353241539
353241580
353241617
353241653
353241686
353241739
353241792
353241823
353241873
353241914
353241949
353241983
353242027
353242066
353242125
353242167
353242213
353242264
353242310
353242341
353242399
353242442
353242489
353242535
353242591
353242637
353242671
353242735
353242765
353242812
353242867
353242902
353242961
353243010
353243053
353243103
353243146
353243180
353243210
353243242
353243293
353243340
353243403
353243432
353243466
353243512
353243547
353243599
353243649
353243702
353243733
353243770
353243813
353243847
353243914
353243949
353243992
353244037
353244078
353244128
353244180
353244211
353244249
353244293
353244322
353244370
353244394
353244437
353244474
353244514
353244544
353244591
353244628
353244670
353244719
353244745
353244807
353244841
353244909
353244952
353245005
353245065
353245124
353245179
353245243
353245283
353245323
353245376
353245422
353245453
353245516
353245553
353245618
353245664
353245714
353245752
353245779
353245816
353245860
353245902
353245948
353245986
353246056
353246085
353246131
353246174
353246228
353246262
353246317
353246360
353246390
353246428
353246473
353246519
353246558
353246604
353246658
353246698
353246736
353246791
353246827
353246867
353246930
353246966
353247012
353247062
353247099
353247150
353247197
353247254
353247311
353247349
353247418
353247464
353247531
353247579
353247619
353247647
353247685
353247718
353247761
353247815
353247870
353247921
353247961
353247999
353248022
353248058
353248103
353248147
353248190
353248237
353248282
353248338
353248359
353248400
353248430
353248469
353248500
353248542
353248606
353248674
353248719
353248763
353248810
353248849
353248905
353248953
353249004
353249032
353249068
353249104
353249153
353249178
353249213
353249261
353249308
353249373
353249450
353249515
353249569
353249618
353249652
353249688
353249734
353249794
353249857
353249907
353249939
353249972
353250034
353250087
353250110
353250145
353250169
353250213
353250264
353250316
353250358
353250407
353250433
353250451
353250496
353250544
353250599
353250632
353250669
353250723
353250778
353250824
353250860
353250910
353250948
353250976
353251020
353251073
353251117
353251166
353251235
353251296
353251330
353251386
353251445
353251503
353251548
353251587
353251623
353251664
353251718
353251745
353251788
353251861
353251894
353251947
353251988
353252021
353252070
353252110
353252155
353252207
353252252
353252289
353252354
353252385
353252434
353252484
353252537
353252583
353252619
353252664
353252713
353252758
353252788
353252833
353252884
353252924
353252953
353252995
353253038
353253080
353253125
353253163
353253213
353253253
353253300
353253342
353253396
353253437
353253473
353253519
353253569
353253627
353253665
353253714
353253778
353253818
353253858
353253880
353253926
353253980
353254031
353254062
353254108
353254178
353254231
353254279
353254317
353254367
353254402
353254457
353254515
353254554
353254589
353254634
353254675
353254714
353254766
353254833
353254881
353254915
353254962
353255010
353255060
353255086
353255145
353255200
353255255
353255311
353255348
353255398
353255442
353255492
353255543
353255571
353255598
353255632
353255657
353255716
353255758
353255797
353255861
353255905
353255968
353256032
353256074
353256115
353256166
353256221
353256243
353256286
353256330
353256364
353256418
353256443
353256483
353256535
353256565
353256623
353256671
353256717
353256757
353256801
353256828
353256868
353256907
353256946
353256991
353257033
353257084
353257135
353257167
353257220
353257269
353257315
353257354
353257415
353257455
353257476
353257523
353257571
353257607
353257659
353257706
353257744
353257796
353257857
353257890
353257919
353257958
353258027
353258071
353258108
353258154
353258212
353258264
353258319
353258369
353258429
353258496
353258560
353258602
353258642
353258713
353258771
353258804
353258847
353258905
353258933
353258986
353259021
353259060
353259116
353259153
353259213
353259270
353259326
353259365
353259411
353259447
353259486
353259557
353259595
353259632
353259681
353259733
353259770
353259814
