352879146
352879180
352879211
352879250
352879298
352879343
352879375
352879408
352879440
352879483
352879532
352879580
352879619
352879671
352879730
352879779
352879820
352879856
352879914
352879943
352879981
352880023
352880057
352880103
352880140
352880183
352880225
352880257
352880303
352880335
352880386
352880441
352880459
352880515
352880565
352880622
352880645
352880685
352880711
352880745
352880790
352880822
352880857
352880907
352880937
352880973
352881014
352881059
352881091
352881126
352881150
352881184
352881225
352881271
352881303
352881344
352881392
352881419
352881439
352881489
352881523
352881545
352881601
352881648
352881679
352881727
352881761
352881787
352881839
352881880
352881915
352881937
352881989
352882030
352882070
352882121
352882147
352882201
352882248
352882282
352882334
352882379
352882414
352882455
352882493
352882538
352882571
352882603
352882641
352882681
352882730
352882751
352882781
352882819
352882851
352882890
352882936
352882974
352883014
352883070
352883120
352883183
352883221
352883259
352883301
352883358
352883404
352883446
352883493
352883549
352883580
352883635
352883683
352883732
352883786
352883837
352883874
352883915
352883955
352883999
352884038
352884082
352884145
352884191
352884240
352884287
352884318
352884362
352884402
352884448
352884492
352884530
352884575
352884622
352884668
352884704
352884760
352884806
352884843
352884883
352884944
352884965
352885022
352885050
352885113
352885155
352885198
352885231
352885276
352885308
352885339
352885370
352885408
352885452
352885488
352885516
352885554
352885577
352885617
352885682
352885749
352885817
352885857
352885917
352885987
352886040
352886070
352886119
352886160
352886207
352886254
352886300
352886344
352886388
352886417
352886454
352886498
352886551
352886582
352886631
352886654
352886717
352886773
352886820
352886875
352886929
352886956
352886989
352887030
352887072
352887135
352887188
352887219
352887283
352887318
352887369
352887420
352887486
352887513
352887552
352887620
352887665
352887730
352887780
352887836
352887877
352887948
352887982
352888051
352888094
352888147
352888176
352888215
352888269
352888317
352888365
352888406
352888453
352888505
352888544
352888586
352888617
352888644
352888676
352888713
352888758
352888795
352888851
352888895
352888947
352888976
352889020
352889078
352889117
352889176
352889216
352889265
352889313
352889361
352889398
352889436
352889485
352889536
352889577
352889614
352889668
352889713
352889761
352889811
352889864
352889912
352889952
352890000
352890032
352890089
352890128
352890160
352890198
352890248
352890282
352890332
352890384
352890430
352890486
352890512
352890550
352890570
352890595
352890653
352890691
352890725
352890756
352890815
352890851
352890909
352890943
352890986
352891045
352891085
352891125
352891166
352891216
352891258
352891287
352891322
352891353
352891389
352891420
352891462
352891524
352891571
352891591
352891623
352891673
352891711
352891746
352891792
352891825
352891866
352891911
352891958
352892004
352892068
352892123
352892162
352892226
352892271
352892326
352892376
352892413
352892441
352892486
352892543
352892592
352892636
352892680
352892717
352892755
352892787
352892828
352892894
352892933
352892967
352893007
352893077
352893122
352893159
352893203
352893245
352893291
352893341
352893381
352893408
352893444
352893490
352893537
352893575
352893614
352893643
352893680
352893725
352893780
352893831
352893875
352893918
352893960
352894010
352894044
352894081
352894117
352894158
352894199
352894237
352894277
352894329
352894356
352894384
352894428
352894469
352894508
352894559
352894592
352894633
352894672
352894715
352894764
352894824
352894878
352894914
352894937
352894985
352895026
352895052
352895096
352895124
352895166
352895220
352895263
352895320
352895361
352895417
352895436
352895476
352895505
352895549
352895578
352895623
352895663
352895712
352895762
352895804
352895866
352895900
352895949
352895984
352896033
352896075
352896126
352896179
352896230
352896273
352896323
352896375
352896416
352896455
352896484
352896513
352896551
352896594
352896655
352896690
352896756
352896805
352896849
352896882
352896923
352896972
352897000
352897032
352897078
352897129
352897167
352897203
352897249
352897300
352897351
352897381
352897424
352897463
352897499
352897521
352897544
352897590
352897630
352897671
352897731
352897772
352897808
352897840
352897880
352897932
352897964
352898003
352898032
352898076
352898114
352898157
352898195
352898229
352898278
352898336
352898386
352898425
352898450
352898491
352898518
352898557
352898601
352898643
352898706
352898737
352898783
352898816
352898866
352898921
352898968
352899022
352899079
352899120
352899173
352899220
352899247
352899288
352899322
352899356
352899409
352899456
352899503
352899564
352899610
352899650
352899685
352899743
352899793
352899853
352899892
352899943
352900011
352900051
352900087
352900127
352900178
352900219
352900265
352900333
352900400
352900436
352900474
352900522
352900556
352900589
352900630
352900655
352900704
352900764
352900790
352900840
352900870
352900907
352900947
352900981
352901021
352901059
352901086
352901135
352901176
352901211
352901265
352901298
352901330
352901366
352901406
352901458
352901498
352901548
352901580
352901620
352901659
352901712
352901749
352901799
352901856
352901891
352901930
352901983
352902025
352902049
352902086
352902123
352902164
352902212
352902254
352902295
352902321
352902359
352902405
352902456
352902492
352902529
352902563
352902589
352902617
352902648
352902711
352902764
352902832
352902976
352903027
352903074
352903135
352903197
352903232
352903289
352903340
352903389
352903451
352903486
352903518
352903583
352903614
352903656
352903694
352903738
352903768
352903820
352903884
352903936
352903983
352904036
352904084
352904104
352904130
352904181
352904243
352904301
352904338
352904369
352904400
352904440
352904467
352904496
352904536
352904570
352904613
352904663
352904699
352904744
352904778
352904826
352904888
352904942
352905047
352905111
352905143
352905196
352905254
352905299
352905348
352905381
352905428
352905461
352905505
352905547
352905581
352905616
352905663
352905701
352905742
352905796
352905864
352905951
352906013
352906072
352906097
352906157
352906206
352906269
352906321
352906379
352906424
352906464
352906523
352906565
352906599
352906640
352906664
352906729
352906787
352906844
352906892
352906944
352906978
352907009
352907049
352907094
352907145
352907176
352907241
352907317
352907356
352907400
352907560
352907605
352907635
352907692
352907726
352907790
352907839
352907896
352907955
352907997
352908037
352908251
352908304
352908355
352908393
352908419
352908471
352908528
352908581
352908633
352908684
352908722
352908763
352908804
352908849
352908897
352908953
352909056
352909116
352909173
352909206
352909246
352909306
352909367
352909420
352909485
352909540
352909570
352909616
352909650
352909697
352909740
352909781
352909808
352909849
352909899
352909939
352909996
352910041
352910078
352910103
352910152
352910186
352910219
352910275
352910316
352910383
352910444
352910484
352910536
352910568
352910616
352910665
352910702
352910739
352910805
352910865
352910902
352910948
352910978
352911023
352911054
352911091
352911140
352911193
352911226
352911269
352911317
352911359
352911397
352911436
352911485
352911547
352911596
352911637
352911674
352911735
352911769
352911813
352911910
352911964
352911994
352912050
352912108
352912136
352912180
352912212
352912240
352912291
352912340
352912373
352912414
352912465
352912511
352912561
352912606
352912644
352912691
352912749
352912782
352912843
352912878
352912936
352912985
352913037
352913103
352913140
352913196
352913231
352913264
352913306
352913338
352913375
352913411
352913461
352913685
352913725
352913797
352913862
352913915
352913950
352914015
352914080
352914111
352914164
352914196
352914233
352914274
352914322
352914369
352914403
352914440
352914485
352914530
352914559
352914618
352914675
352914718
352914765
352914816
352914847
352914880
352914924
352914984
352915036
352915093
352915142
352915189
352915241
352915295
352915359
352915419
352915469
352915504
352915554
352915586
352915646
352915689
352915709
352915751
352915801
352915831
352915899
352915949
352915996
352916032
352916071
352916111
352916138
352916180
352916232
352916276
352916332
352916377
352916422
352916476
352916531
352916570
352916590
352916662
352916702
352916737
352916774
352916811
352916854
352916905
352916964
352916995
352917033
352917077
352917118
352917150
352917187
352917213
352917263
352917293
352917336
352917393
352917429
352917480
352917535
352917579
352917626
352917673
352917706
352917768
352917820
352917870
352917898
352917938
352917982
352918032
352918082
352918112
352918140
352918188
352918254
352918295
352918338
352918386
352918423
352918465
352918513
352918552
352918580
352918618
352918656
352918719
352918752
352918794
352918837
352918878
352918913
352918952
352919009
352919043
352919082
352919142
352919190
352919233
352919274
352919330
352919390
352919412
352919460
352919501
352919571
352919607
352919644
352919693
352919748
352919811
352919851
352919887
352919935
352919993
352920042
352920093
352920148
352920191
352920230
352920256
352920293
352920332
352920376
352920416
352920458
352920487
352920540
352920563
352920602
352920641
352920671
352920696
352920732
352920770
352920819
352920859
352920903
352920934
352921005
352921045
352921098
352921132
352921161
352921214
352921282
352921342
352921387
352921416
352921445
352921501
352921542
352921601
352921634
352921671
352921730
352921787
352921859
352921913
352921951
352921990
352922029
352922061
352922098
352922144
352922169
352922194
352922232
352922298
352922338
352922376
352922423
352922457
352922483
352922537
352922606
352922636
352922656
352922721
352922773
352922809
352922849
352922902
352922954
352923007
352923042
352923103
352923154
352923193
352923254
352923294
352923351
352923377
352923411
352923463
352923483
352923527
352923576
352923614
352923647
352923689
352923725
352923747
352923797
352923817
352923867
352923925
352923975
352924009
352924061
352924101
352924136
352924185
352924228
352924268
352924307
352924337
352924378
352924431
352924463
352924529
352924560
352924603
352924628
352924686
352924720
352924759
352924812
352924866
352924901
352924955
352925007
352925038
352925104
352925139
352925171
352925218
352925270
352925318
352925384
352925427
352925485
352925523
352925554
352925600
352925642
352925688
352925751
352925790
352925837
352925903
352925949
352925991
352926034
352926057
352926104
352926134
352926181
352926235
352926264
352926310
352926341
352926399
352926435
352926478
352926502
352926532
352926592
352926639
352926673
352926722
352926750
352926798
352926826
352926870
352926906
352926940
352926988
352927016
352927041
352927076
352927117
352927140
352927178
352927208
352927276
352927317
352927365
352927405
352927450
352927500
352927545
352927581
352927642
352927690
352927738
352927768
352927821
352927870
352927907
352927935
352927967
352928000
352928055
352928083
352928135
352928169
352928234
352928276
352928331
352928372
352928436
352928467
352928513
352928571
352928600
352928627
352928665
352928689
352928741
352928771
352928798
352928836
352928867
352928917
352928953
352928999
352929032
352929085
352929115
352929147
352929182
352929227
352929279
352929307
352929345
352929408
352929445
352929496
352929543
352929597
352929640
352929671
352929711
352929747
352929802
352929844
352929884
352929932
352930006
352930050
352930090
352930126
352930170
352930200
352930245
352930284
352930320
352930354
352930407
352930447
352930468
352930514
352930570
352930596
352930644
352930700
352930740
352930784
352930825
352930870
352930904
352930938
352930980
352931029
352931072
352931111
352931156
352931186
352931221
352931253
352931298
352931328
352931369
352931391
352931421
352931464
352931489
352931535
352931589
352931612
352931655
352931702
352931734
352931790
352931843
352931874
352931926
352931986
352932017
352932044
352932073
352932106
352932149
352932182
352932223
352932256
352932297
352932340
352932384
352932441
352932476
352932526
352932558
352932604
352932639
352932695
352932719
352932776
352932822
352932885
352932911
352932970
352933012
352933073
352933124
352933150
352933179
352933390
352933415
352933445
352933487
352933550
352933589
352933613
352933642
352933681
352933724
352933772
352933804
352933864
352933923
352933963
352934004
352934046
352934086
352934116
352934166
352934198
352934235
352934262
352934306
352934368
352934415
352934439
352934471
352934500
352934530
352934568
352934607
352934647
352934687
352934711
352934768
352934816
352934862
352934916
352934974
352935012
352935040
352935082
352935120
352935169
352935206
352935239
352935302
352935349
352935379
352935407
352935443
352935487
352935526
352935547
352935594
352935630
352935671
352935721
352935760
352935824
352935877
352935906
352935949
352935980
352936043
352936109
352936170
352936226
352936263
352936321
352936385
352936427
352936464
352936511
352936563
352936609
352936667
352936722
352936761
352936827
352936874
352936917
352936946
352936979
352937009
352937050
352937072
352937116
352937165
352937206
352937239
352937268
352937324
352937365
352937409
352937442
352937481
352937533
352937567
352937606
352937648
352937683
352937725
352937766
352937822
352937885
352937908
352937952
352937989
352938019
352938068
352938107
352938145
352938181
352938248
352938303
352938358
352938408
352938443
352938471
352938500
352938527
352938564
352938595
352938617
352938636
352938674
352938714
352938779
352938812
352938838
352938876
352938918
352938973
352939000
352939035
352939068
352939113
352939175
352939237
352939259
352939297
352939337
352939379
352939424
352939474
352939523
352939551
352939582
352939608
352939648
352939697
352939740
352939774
352939802
352939847
352939894
352939923
352939972
352940015
352940045
352940089
352940116
352940159
352940201
352940239
352940260
352940306
352940331
352940381
352940438
352940459
352940509
352940540
352940586
352940619
352940647
352940686
352940714
352940764
352940835
352940866
352940929
352940976
352941028
352941076
352941113
352941153
352941198
352941246
352941274
352941323
352941378
352941432
352941477
352941542
352941603
352941645
352941687
352941741
352941769
352941806
352941853
352941902
352941946
352941991
352942045
352942086
352942110
352942154
352942192
352942243
352942279
352942321
352942389
352942435
352942485
352942516
352942544
352942598
352942633
352942657
352942697
352942734
352942783
352942823
352942870
352942904
352942954
352943006
352943048
352943082
352943127
352943179
352943221
352943267
352943333
352943374
352943428
352943481
352943527
352943549
352943584
352943621
352943664
352943703
352943735
352943775
352943819
352943874
352943928
352943997
352944036
352944088
352944119
352944156
352944206
352944269
352944323
352944384
352944422
352944453
352944489
352944521
352944586
352944637
352944685
352944741
352944790
352944838
352944898
352944925
352944946
352945001
352945043
352945086
352945125
352945178
352945196
352945223
352945269
352945295
352945707
352945769
352945817
352945858
352945914
352945970
352946006
352946055
352946100
352946133
352946156
352946208
352946252
352946291
352946339
352946371
352946418
352946479
352946545
352946596
352946656
352946728
352946762
352946790
352946831
352946865
352946917
352946958
352947012
352947080
352947116
352947164
352947209
352947266
352947317
352947375
352947418
352947466
352947524
352947564
352947615
352947652
352947700
352947735
352947763
352947811
352947863
352947893
352947935
352947977
352948027
352948065
352948118
352948146
352948196
352948235
352948272
352948308
352948353
352948401
352948470
352948518
352948554
352948586
352948615
352948640
352948666
352948717
352948776
352948818
352948857
352948907
352948966
352949018
352949048
352949092
352949135
352949177
352949211
352949251
352949287
352949345
352949376
352949425
352949450
352949492
352949553
352949593
352949653
352949697
352949733
352949777
352949815
352949858
352949920
352949968
352950018
352950053
352950081
352950108
352950137
352950183
352950235
352950286
352950327
352950375
352950407
352950456
352950481
352950504
352950536
352950589
352950635
352950676
352950727
352950765
352950791
352950857
352950888
352950942
352950992
352951051
352951113
352951176
352951234
352951387
352951426
352951452
352951497
352951538
352951574
352951635
352951682
352951727
352951778
352951835
352951875
352951938
352951978
352952024
352952063
352952095
352952146
352952174
352952239
352952289
352952334
352952368
352952430
352952463
352952529
352952591
352952643
352952689
352952707
352952747
352952781
352952816
352952881
352952935
352952967
352953014
352953068
352953115
352953146
352953185
352953219
352953251
352953293
352953347
352953398
352953448
352953498
352953531
352953570
352953625
352953667
352953713
352953763
352953796
352953852
352953907
352953952
352953992
352954028
352954089
352954153
352954205
352954242
352954292
352954321
352954360
352954417
352954467
352954538
352954578
352954607
352954643
352954677
352954728
352954765
352954803
352954833
352954890
352954933
352954958
352954987
352955027
352955070
352955107
352955145
352955173
352955223
352955246
352955288
352955340
352955374
352955411
352955457
352955514
352955550
352955583
352955610
352955651
352955682
352955718
352955758
352955800
352955861
352955896
352955939
352955972
352956020
352956057
352956101
352956144
352956194
352956228
352956277
352956299
352956343
352956385
352956434
352956460
352956499
352956545
352956581
352956645
352956687
352956724
352956787
352956823
352956871
352956910
352956959
352956991
352957051
352957098
352957127
352957172
352957209
352957247
352957284
352957319
352957351
352957396
352957431
352957492
352957533
352957556
352957609
352957633
352957679
352957728
352957766
352957799
352957853
352957877
352957928
352957969
352958006
352958050
352958081
352958121
352958154
352958208
352958232
352958273
352958301
352958350
352958396
352958444
352958475
352958527
352958578
352958609
352958679
352958730
352958762
352958794
352958840
352958995
352959028
352959086
352959119
352959168
352959212
352959246
352959270
352959299
352959332
352959356
352959399
352959453
352959493
352959525
352959575
352959626
352959667
352959695
352959736
352959764
352959820
352959865
352959897
352959921
352959967
352960000
352960031
352960060
352960109
352960142
352960175
352960217
352960242
352960304
352960333
352960379
352960431
352960488
352960532
352960573
352960639
352960659
352960693
352960731
352960758
352960805
352960848
352960880
352960916
352960964
352960999
352961048
352961087
352961129
352961188
352961233
352961281
352961326
352961389
352961432
352961475
352961511
352961560
352961611
352961643
352961677
352961713
352961747
352961778
352961842
352961903
352961928
352961974
352962033
352962057
352962106
352962161
352962201
352962251
352962308
352962355
352962397
352962440
352962487
352962542
352962580
352962630
352962659
352962686
352962716
352962769
352962813
352962864
352962910
352962958
352963011
352963057
352963104
352963138
352963168
352963212
352963253
352963306
352963358
352963390
352963452
352963510
352963553
352963594
352963654
352963680
352963736
352963766
352963802
352963853
352963891
352963925
352963957
352963976
352964023
352964071
352964115
352964165
352964216
352964258
352964295
352964341
352964392
352964439
352964481
352964530
352964556
352964577
352964614
352964645
352964685
352964761
352964786
352964846
352964908
352964977
352965024
352965052
352965090
352965142
352965178
352965214
352965256
352965298
352965336
352965375
352965406
352965447
352965501
352965533
352965565
352965615
352965666
352965710
352965750
352965790
352965818
352965846
352965894
352965947
352965997
352966030
352966066
352966106
352966157
352966199
352966260
352966299
352966344
352966387
352966435
352966484
352966521
352966567
352966602
352966650
352966703
352966743
352966783
352966810
352966837
352966882
352966914
352966963
352967021
352967049
352967071
352967107
352967158
352967196
352967245
352967305
352967349
352967372
352967409
352967444
352967495
352967530
352967566
352967599
352967653
352967696
352967741
352967774
352967816
352967843
352967885
352967925
352967994
352968048
352968108
352968153
352968190
352968234
352968288
352968311
352968350
352968413
352968448
352968496
352968535
352968579
352968613
352968648
352968672
352968710
352968739
352968771
352968802
352968848
352968895
352968941
352968982
352969028
352969053
352969090
352969128
352969153
352969217
352969267
352969336
352969365
352969394
352969450
352969500
352969531
352969574
352969630
352969658
352969708
352969743
352969783
352969819
352969869
352969896
352969924
352969957
352969983
352970039
352970078
352970127
352970146
352970170
352970219
352970263
352970303
352970347
352970380
352970407
352970458
352970502
352970529
352970563
352970617
352970656
352970705
352970746
352970800
352970837
352970884
352970932
352970976
352971000
352971040
352971079
352971121
352971156
352971206
352971246
352971292
352971326
352971360
352971405
352971430
352971487
352971520
352971563
352971603
352971658
352971716
352971762
352971828
352971879
352971923
352971964
352972003
352972047
352972087
352972137
352972188
352972224
352972258
352972313
352972357
352972418
352972455
352972515
352972548
352972612
352972655
352972710
352972749
352972798
352972825
352972870
352972907
352972946
352972977
352973034
352973084
352973135
352973174
352973218
352973267
352973312
352973363
352973393
352973427
352973450
352973492
352973529
352973583
352973632
352973668
352973708
352973748
352973787
352973830
352973873
352973917
352973945
352974001
352974065
352974118
352974147
352974190
352974247
352974302
352974333
352974386
352974439
352974507
352974560
352974610
352974656
352974690
352974739
352974773
352974811
352974864
352974901
352974943
352975002
352975059
352975116
352975167
352975225
352975279
352975311
352975351
352975406
352975447
352975512
352975568
352975601
352975651
352975711
352975763
352975805
352975860
352975903
352975938
352975992
352976036
352976096
352976129
352976190
352976242
352976286
352976317
352976358
352976390
352976421
352976478
352976506
352976551
352976588
352976647
352976697
352976757
352976804
352976870
352976906
352976943
352976993
352977027
352977059
352977088
352977143
352977192
352977235
352977271
352977312
352977354
352977392
352977422
352977476
352977499
352977544
352977581
352977628
352977674
352977705
352977745
352977775
352977817
352977857
352977883
352977915
352977952
352978008
352978046
352978079
352978102
352978133
352978162
352978202
352978243
352978281
352978348
352978375
352978430
352978488
352978540
352978605
352978653
352978688
352978732
352978766
352978798
352978849
352978885
352978914
352978956
352979007
352979047
352979103
352979159
352979221
352979268
352979327
352979374
352979398
352979447
352979474
352979536
352979570
352979614
352979670
352979701
352979739
352979776
352979815
352979851
352979903
352979959
352980006
352980041
352980090
352980147
352980201
352980248
352980307
352980351
352980391
352980433
352980455
352980486
352980526
352980557
352980595
352980632
352980693
352980743
352980793
352980848
352980881
352980910
352980936
352980971
352981001
352981030
352981058
352981095
352981128
352981171
352981206
352981249
352981298
352981343
352981373
352981422
352981449
352981513
352981562
352981594
352981619
352981679
352981726
352981765
352981807
352981855
352981924
352981991
352982038
352982083
352982125
352982146
352982189
352982232
352982295
352982342
352982374
352982411
352982457
352982495
352982527
352982569
352982596
352982640
352982685
352982728
352982788
352982851
352982907
352982958
352983000
352983041
352983092
352983141
352983181
352983214
352983257
352983301
352983329
352983361
352983407
352983442
352983478
352983524
352983558
352983578
352983609
352983646
352983691
352983715
352983771
352983822
352983860
352983901
352983939
352983989
352984049
352984104
352984151
352984200
352984237
352984300
352984346
352984366
352984398
352984429
352984506
352984538
352984584
352984619
352984663
352984723
352984784
352984823
352984862
352984911
352984956
352984991
352985040
352985079
352985118
352985151
352985197
352985269
352985324
352985382
352985426
352985472
352985525
352985575
352985614
352985660
352985685
352985714
352985776
352985813
352985883
352985938
352985974
352986018
352986070
352986103
352986155
352986182
352986223
352986274
352986332
352986369
352986406
352986464
352986508
352986538
352986576
352986613
352986660
352986730
352986788
352986817
352986869
352986917
352986965
352987035
352987090
352987133
352987178
352987235
352987274
352987320
352987381
352987417
352987460
352987524
352987586
352987623
352987665
352987704
352987758
352987816
352987850
352987897
352987955
352987992
352988039
352988073
352988127
352988174
352988202
352988245
352988287
352988340
352988383
352988422
352988449
352988491
352988540
352988577
352988637
352988683
352988717
352988775
352988830
352988878
352988930
352988955
352988999
352989045
352989084
352989111
352989143
352989187
352989220
352989254
352989298
352989331
352989364
352989406
352989440
352989481
352989514
352989565
352989599
352989645
352989679
352989712
352989764
352989818
352989843
352989871
352989910
352989952
352989981
352990023
352990064
352990092
352990129
352990170
352990227
352990261
352990295
352990346
352990377
352990420
352990470
352990530
352990630
352990668
352990717
352990765
352990803
352990850
352990911
352990936
352990999
352991040
352991071
352991110
352991152
352991190
352991244
352991305
352991369
352991403
352991457
352991495
352991538
352991602
352991643
352991682
352991731
352991772
352991833
352991873
352991926
352991966
352991988
352992022
352992066
352992124
352992190
352992247
352992307
352992352
352992406
352992455
352992513
352992553
352992585
352992613
352992639
352992678
352992719
352992753
352992785
352992836
352992866
352992902
352992964
352992996
352993029
352993053
352993081
352993119
352993164
352993214
352993276
352993315
352993358
352993412
352993454
352993488
352993535
352993566
352993610
352993657
352993711
352993754
352993802
352993832
352993893
352993921
352993970
352994019
352994044
352994081
352994123
352994151
352994192
352994235
352994280
352994328
352994369
352994402
352994443
352994491
352994539
352994567
352994609
352994676
352994711
352994760
352994821
352994859
352994918
352994968
352994995
352995026
352995089
352995136
352995178
352995208
352995251
352995319
352995370
352995431
352995488
352995529
352995566
352995606
352995669
352995715
352995763
352995817
352995848
352995883
352995936
352995973
352996017
352996051
352996082
352996132
352996181
352996213
352996270
352996308
352996347
352996399
352996427
352996454
352996494
352996561
352996606
352996661
352996690
352996993
352997035
352997087
352997125
352997161
352997217
352997252
352997294
352997322
352997360
352997391
352997421
352997461
352997506
352997535
352997575
352997608
352997645
352997693
352997737
352997780
352997830
352997873
352997930
352997975
352998018
352998061
352998127
352998181
352998213
352998250
352998297
352998334
352998352
352998390
352998424
352998465
352998505
352998547
352998606
352998650
352998670
352998701
352998738
352998765
352998803
352998840
352998886
352998929
352998960
352999006
352999057
352999082
352999122
352999171
352999224
352999277
352999298
352999345
352999392
352999436
352999466
352999493
352999526
352999569
352999607
352999630
352999670
352999719
352999754
352999806
352999840
352999881
352999930
352999974
353000025
353000063
353000108
353000145
353000186
353000236
353000280
353000331
353000372
353000423
353000473
353000504
353000547
353000587
353000608
353000646
353000675
353000722
353000757
353000806
353000852
353000870
353000918
353000964
353001021
353001069
353001107
353001160
353001197
353001239
353001283
353001332
353001373
353001404
353001437
353001480
353001548
353001605
353001650
353001682
353001705
353001724
353001784
353001824
353001864
353001887
353001929
353001953
353001994
353002035
353002066
353002088
353002142
353002181
353002219
353002281
353002304
353002337
353002386
353002414
353002525
353002575
353002661
353002695
353002740
353002785
353002836
353002867
353002899
353002941
353002971
353003009
353003072
353003101
353003147
353003185
353003240
353003291
353003328
353003377
353003418
353003441
353003500
353003531
353003565
353003600
353003643
353003687
353003727
353003765
353003827
353003861
353003904
353003952
353004006
353004050
353004077
353004113
353004167
353004196
353004236
353004280
353004302
353004345
353004366
353004410
353004460
353004486
353004527
353004584
353004634
353004675
353004717
353004741
353004781
353004814
353004855
353004899
353004944
353004975
353004999
353005031
353005070
353005130
353005173
353005213
353005261
353005306
353005344
353005383
353005423
353005466
353005482
353005523
353005559
353005612
353005641
353005687
353005739
353005777
353005803
353005842
353005867
353005908
353005934
353005966
353006015
353006068
353006097
353006129
353006179
353006216
353006278
353006320
353006352
353006388
353006422
353006472
353006529
353006574
353006632
353006699
353006758
353006812
353006844
353006880
353006935
353006973
353007008
353007034
353007086
353007131
353007188
353007238
353007267
353007300
353007357
353007420
353007474
353007525
353007573
353007618
353007655
353007693
353007723
353007768
353007806
353007866
353007912
353007949
353007991
353008023
353008059
353008102
353008146
353008198
353008238
353008285
353008326
353008349
353008392
353008448
353008498
353008567
353008619
353008705
353008748
353008803
353008838
353008872
353008900
353008939
353008962
353009002
353009036
353009089
353009115
353009152
353009193
353009238
353009280
353009334
353009362
353009405
353009436
353009465
353009507
353009544
353009601
353009619
353009654
353009690
353009725
353009761
353009808
353009852
353009896
353009935
353009982
353010032
353010088
353010131
353010166
353010219
353010266
353010307
353010342
353010374
353010433
353010465
353010507
353010540
353010576
353010617
353010653
353010690
353010731
353010792
353010846
353010889
353010916
353010958
353010991
353011014
353011049
353011099
353011128
353011165
353011192
353011218
353011256
353011309
353011337
353011390
353011438
353011480
353011523
353011551
353011584
353011631
353011661
353011696
353011741
353011784
353011819
353011860
353011933
353011962
353012011
353012036
353012079
353012133
353012176
353012219
353012255
353012309
353012339
353012387
353012430
353012477
353012522
353012565
353012600
353012627
353012673
353012721
353012766
353012803
353012829
353012868
353012903
353012922
353012954
353012987
353013031
353013068
353013098
353013154
353013191
353013221
353013244
353013299
353013326
353013361
353013395
353013442
353013476
353013506
353013546
353013600
353013640
353013684
353013725
353013792
353013812
353013851
353013903
353013949
353013990
353014020
353014071
353014106
353014135
353014159
353014201
353014235
353014278
353014328
353014392
353014422
353014472
353014528
353014567
353014636
353014676
353014719
353014756
353014807
353014841
353014887
353014932
353014972
353015017
353015067
353015094
353015150
353015201
353015239
353015271
353015332
353015377
353015411
353015449
353015500
353015534
353015570
353015602
353015642
353015699
353015732
353015778
353015809
353015841
353015879
353015918
353015955
353016018
353016044
353016092
353016133
353016187
353016223
353016259
353016292
353016325
353016359
353016390
353016415
353016443
353016474
353016497
353016538
353016574
353016616
353016646
353016682
353016722
353016765
353016819
353016869
353016908
353016957
353017023
353017048
353017109
353017154
353017184
353017230
353017257
353017292
353017326
353017380
353017430
353017485
353017525
353017552
353017579
353017640
353017688
353017725
353017779
353017842
353017877
353017935
353017986
353018032
353018067
353018109
353018143
353018187
353018230
353018298
353018347
353018394
353018440
353018483
353018532
353018591
353018635
353018682
353018716
353018770
353018818
353018870
353018922
353018958
353019010
353019034
353019077
353019109
353019147
353019197
353019246
353019297
353019340
353019381
353019424
353019448
353019495
353019539
353019586
353019615
353019634
353019664
353019717
353019771
353019825
353019875
353019913
353019940
353019980
353020024
353020072
353020120
353020151
353020190
353020235
353020258
353020298
353020343
353020373
353020414
353020446
353020480
353020511
353020557
353020605
353020657
353020708
353020750
353020788
353020826
353020854
353020893
353020924
353020995
353021046
353021088
353021127
353021164
353021202
353021233
353021270
353021324
353021378
353021416
353021470
353021500
353021535
353021589
353021642
353021679
353021729
353021783
353021833
353021879
353021921
353021983
353022038
353022092
353022124
353022161
353022216
353022258
353022301
353022333
353022370
353022404
353022427
353022467
353022512
353022552
353022588
353022645
353022706
353022764
353022809
353022858
353022908
353022954
353022989
353023024
353023051
353023080
353023116
353023165
353023206
353023258
353023306
353023329
353023377
353023431
353023458
353023513
353023565
353023595
353023631
353023659
353023703
353023763
353023816
353023849
353023880
353023914
353023953
353023993
353024030
353024092
353024144
353024173
353024194
353024251
353024299
353024334
353024363
353024389
353024443
353024488
353024533
353024577
353024611
353024651
353024687
353024736
353024781
353024813
353024843
353024891
353024913
353024960
353025012
353025044
353025100
353025137
353025174
353025233
353025272
353025304
353025346
353025395
353025449
353025503
353025561
353025596
353025640
353025689
353025719
353025746
353025792
353025819
353025875
353025922
353025969
353026022
353026054
353026081
353026133
353026162
353026195
353026237
353026289
353026344
353026382
353026431
353026484
353026524
353026567
353026611
353026637
353026674
353026744
353026798
353026831
353026867
353026893
353026929
353026968
353027014
353027068
353027121
353027173
353027201
353027247
353027287
353027320
353027373
353027430
353027482
353027522
353027566
353027611
353027657
353027692
353027734
353027793
353027847
353027876
353027918
353027949
353027983
353028017
353028052
353028087
353028129
353028182
353028236
353028267
353028308
353028345
353028388
353028427
353028470
353028517
353028565
353028611
353028640
353028679
353028721
353028770
353028801
353028855
353028892
353028928
353028971
353029020
353029045
353029082
353029113
353029160
353029204
353029241
353029287
353029334
353029394
353029423
353029452
353029486
353029544
353029585
353029630
353029677
353029725
353029778
353029816
353029862
353029911
353029947
353029982
353030015
353030063
353030112
353030153
353030216
353030265
353030318
353030364
353030424
353030457
353030482
353030517
353030547
353030569
353030606
353030669
353030706
353030750
353030808
353030861
353030918
353030950
353030990
353031028
353031076
353031105
353031146
353031178
353031207
353031251
353031306
353031355
353031420
353031487
353031546
353031596
353031632
353031679
353031706
353031777
353031817
353031887
353031930
353031978
353032024
353032070
353032104
353032156
353032188
353032226
353032255
353032302
353032341
353032383
353032413
353032453
353032520
353032558
353032591
353032658
353032718
353032763
353032786
353032843
353032890
353032918
353032958
353032995
353033062
353033101
353033147
353033198
353033239
353033291
353033355
353033408
353033461
353033487
353033542
353033577
353033628
353033686
353033732
353033779
353033834
353033890
353033947
353034010
353034049
353034094
353034146
353034205
353034238
353034292
353034333
353034378
353034444
353034517
353034566
353034610
353034647
353034686
353034750
353034784
353034845
353034887
353034938
353034973
353035028
353035086
353035133
353035167
353035216
353035266
353035322
353035365
353035402
353035442
353035482
353035530
353035561
353035593
353035616
353035644
353035680
353035742
353035796
353035829
353035862
353035917
353036011
353036059
353036093
353036143
353036175
353036213
353036255
353036291
353036343
353036396
353036457
353036498
353036535
353036576
353036625
353036659
353036707
353036754
353036812
353036857
353036918
353036955
353036984
353037049
353037087
353037134
353037185
353037246
353037274
353037303
353037345
353037383
353037421
353037485
353037538
353037596
353037636
353037690
353037723
353037754
353037804
353037848
353037900
353037944
353037988
353038012
353038053
353038098
353038134
353038196
353038243
353038291
353038336
353038363
353038396
353038454
353038479
353038537
353038589
353038632
353038685
353038735
353038767
353038838
353038868
353038914
353038959
353039017
353039047
353039105
353039155
353039222
353039252
353039289
353039352
353039412
353039452
353039499
353039549
353039587
353039629
353039671
353039735
353039776
353039812
353039862
353039900
353039956
353040010
353040048
353040092
353040140
353040173
353040240
353040300
353040329
353040370
353040418
353040465
353040523
353040588
353040625
353040656
353040692
353040748
353040819
353040839
353040893
353040942
353040980
353041016
353041055
353041098
353041153
353041198
353041227
353041283
353041321
353041361
353041387
353041430
353041471
353041534
353041581
353041629
353041672
353041720
353041771
353041824
353041854
353041895
353041940
353041979
353042017
353042060
353042112
353042148
353042201
353042232
353042261
353042302
353042342
353042387
353042433
353042475
353042504
353042565
353042620
353042663
353042703
353042734
353042808
353042851
353042913
353042960
353043018
353043051
353043088
353043140
353043188
353043227
353043282
353043328
353043372
353043423
353043472
353043526
353043566
353043612
353043672
353043725
353043779
353043821
353043857
353043879
353043920
353043962
353044006
353044036
353044084
353044134
353044194
353044244
353044295
353044345
353044401
353044447
353044469
353044529
353044574
353044602
353044634
353044676
353044722
353044748
353044796
353044850
353044920
353044990
353045039
353045072
353045120
353045164
353045201
353045258
353045294
353045328
353045364
353045403
353045438
353045490
353045557
353045624
353045671
353045738
353045788
353045869
353045917
353045961
353045995
353046058
353046113
353046153
353046184
353046228
353046269
353046311
353046378
353046432
353046465
353046507
353046545
353046569
353046620
353046665
353046706
353046758
353046797
353046833
353046899
353046958
353046985
353047028
353047072
353047099
353047123
353047158
353047211
353047265
353047305
353047344
353047387
353047411
353047445
353047498
353047545
353047587
353047632
353047697
353047733
353047774
353047831
353047857
353047896
353047955
353048019
353048050
353048093
353048132
353048172
353048203
353048257
353048296
353048341
353048391
353048426
353048468
353048509
353048551
353048627
353048672
353048726
353048758
353048823
353048860
353048905
353048950
353048995
353049019
353049052
353049083
353049122
353049158
353049210
353049244
353049278
353049330
353049371
353049400
353049444
353049490
353049524
353049587
353049635
353049703
353049763
353049824
353049899
353049945
353049985
353050028
353050081
353050134
353050212
353050264
353050322
353050391
353050445
353050468
353050518
353050580
353050621
353050647
353050706
353050748
353050788
353050817
353050859
353050886
353050922
353050952
353050991
353051052
353051135
353051173
353051216
353051272
353051323
353051370
353051415
353051463
353051510
353051564
353051615
353051652
353051693
353051750
353051811
353051845
353051915
353051976
353052003
353052054
353052113
353052148
353052221
353052269
353052319
353052365
353052413
353052465
353052504
353052548
353052595
353052654
353052720
353052807
353052862
353052912
353052965
353053026
353053065
353053128
353053188
353053247
353053279
353053344
353053391
353053437
353053478
353053540
353053574
353053623
353053673
353053721
353053744
353053790
353053822
353053873
353053920
353053978
353054041
353054084
353054128
353054171
353054228
353054262
353054309
353054349
353054391
353054462
353054503
353054538
353054562
353054604
353054634
353054704
353054754
353054779
353054848
353054898
353054949
353054989
353055053
353055114
353055154
353055193
353055240
353055300
353055343
353055377
353055421
353055479
353055506
353055542
353055582
353055626
353055669
353055706
353055770
353055815
353055873
353055918
353055952
353055991
353056055
353056111
353056161
353056206
353056241
353056282
353056326
353056364
353056390
353056465
353056522
353056569
353056610
353056667
353056714
353056746
353056777
353056827
353056871
353056907
353056962
353057001
353057071
353057119
353057178
353057214
353057252
353057323
353057391
353057439
353057481
353057545
353057572
353057637
353057699
353057743
353057785
353057839
353057878
353057939
353057995
353058037
353058081
353058129
353058164
353058227
353058267
353058336
353058377
353058441
353058468
353058523
353058580
353058635
353058676
353058730
353058782
353058829
353058872
353058922
353058987
353059033
353059072
353059119
353059170
353059209
353059279
353059337
353059379
353059423
353059455
353059528
353059574
353059633
353059676
353059737
353059801
353059844
353059892
353059940
353059983
353060053
353060115
353060189
353060250
353060297
353060338
353060376
353060417
353060478
353060535
353060601
353060659
353060696
353060766
353060807
353060860
353060915
353060949
353060978
353061051
353061096
353061131
353061175
353061215
353061272
353061308
353061333
353061371
353061413
353061448
353061496
353061561
353061609
353061676
353061717
353061754
353061788
353061837
353061893
353061948
353062012
353062048
353062118
353062152
353062196
353062247
353062308
353062356
353062427
353062484
353062548
353062613
353062656
353062699
353062739
353062775
353062824
353062855
353062928
353062983
353063029
353063090
353063147
353063210
353063276
353063321
353063378
353063439
353063480
353063518
353063585
353063635
353063709
353063741
353063783
353063841
353063910
353063949
353064005
353064056
353064096
353064133
353064171
353064223
353064262
353064323
353064357
353064412
353064463
353064520
353064569
353064606
353064658
353064730
353064786
353064843
353064902
353064951
353065033
353065083
353065123
353065187
353065214
353065254
353065302
353065358
353065412
353065478
353065551
353065603
353065651
353065692
353065737
353065798
353065870
353065909
353065951
353066026
353066067
353066143
353066195
353066251
353066296
353066333
353066380
353066421
353066470
353066520
353066574
353066611
353066653
353066714
353066744
353066793
353066836
353066871
353066927
353066962
353067006
353067043
353067091
353067116
353067156
353067201
353067251
353067304
353067365
353067419
353067478
353067533
353067563
353067596
353067636
353067686
353067723
353067780
353067829
353067871
353067918
353067958
353068004
353068059
353068097
353068141
353068189
353068219
353068271
353068329
353068378
353068421
353068461
353068506
353068550
353068605
353068647
353068677
353068750
353068802
353068845
353068919
353068976
353069030
353069053
353069125
353069160
353069220
353069243
353069276
353069326
353069377
353069438
353069491
353069543
353069608
353069668
353069723
353069785
353069819
353069864
353069896
353069953
353070001
353070047
353070094
353070137
353070207
353070242
353070278
353070338
353070388
353070455
353070503
353070538
353070576
353070622
353070663
353070726
353070765
353070829
353070857
353070903
353070968
353071013
353071048
353071100
353071138
353071180
353071240
353071274
353071327
353071368
353071421
353071456
353071522
353071578
353071639
353071680
353071730
353071804
353071849
353071885
353071924
353071986
353072023
353072064
353072104
353072127
353072179
353072239
353072269
353072309
353072338
353072406
353072451
353072486
353072532
353072563
353072607
353072645
353072708
353072778
353072812
353072860
353072912
353072948
353072985
353073038
353073106
353073158
353073199
353073239
353073276
353073317
353073383
353073441
353073495
353073539
353073590
353073651
353073698
353073763
353073840
353073908
353073955
353074016
353074061
353074117
353074155
353074185
353074222
353074274
353074337
353074385
353074436
353074479
353074540
353074576
353074614
353074668
353074732
353074788
353074843
353074915
353074948
353075002
353075032
353075074
353075119
353075150
353075181
353075226
353075298
353075354
353075385
353075429
353075461
353075519
353075578
353075648
353075683
353075725
353075776
353075826
353075885
353075941
353075979
353076032
353076081
353076152
353076209
353076258
353076300
353076331
353076391
353076433
353076474
353076534
353076580
353076627
353076656
353076693
353076736
353076776
353076812
353076884
353076949
353077029
353077083
353077125
353077167
353077229
353077274
353077339
353077388
353077447
353077495
353077538
353077591
353077630
353077660
353077696
353077741
353077795
353077835
353077898
353077948
353078010
353078063
353078111
353078154
353078196
353078249
353078295
353078348
353078407
353078465
353078498
353078557
353078601
353078637
353078683
353078735
353078796
353078840
353078880
353078930
353078981
353079027
353079066
353079120
353079169
353079210
353079259
353079311
353079364
353079402
353079455
353079525
353079586
353079617
353079660
353079713
353079767
353079811
353079875
353079925
353079988
353080051
353080115
353080151
353080202
353080257
353080301
353080363
353080394
353080436
353080484
353080531
353080564
353080597
353080636
353080690
353080734
353080811
353080854
353080917
353080961
353080992
353081058
353081110
353081151
353081205
353081245
353081301
353081335
353081367
353081412
353081478
353081517
353081585
353081639
353081668
353081732
353081784
353081817
353081860
353081898
353081933
353081958
353081996
353082029
353082064
353082097
353082124
353082178
353082238
353082271
353082307
353082373
353082414
353082449
353082504
353082541
353082597
353082647
353082691
353082749
353082794
353082869
353082914
353082940
353082994
353083021
353083052
353083106
353083149
353083181
353083227
353083259
353083315
353083375
353083414
353083459
353083499
353083542
353083579
353083628
353083664
353083717
353083760
353083830
353083866
353083899
353083938
353083965
353084024
353084067
353084111
353084150
353084183
353084230
353084288
353084345
353084373
353084409
353084446
353084474
353084519
353084544
353084598
353084650
353084705
353084748
353084804
353084843
353084895
353084945
353085006
353085058
353085094
353085126
353085175
353085235
353085281
353085336
353085405
353085453
353085501
353085555
353085597
353085640
353085706
353085763
353085810
353085878
353085924
353085954
353086017
353086071
353086122
353086154
353086209
353086247
353086315
353086349
353086414
353086450
353086507
353086561
353086623
353086653
353086679
353086747
353086785
353086832
353086887
353086943
353086996
353087029
353087058
353087092
353087144
353087181
353087230
353087259
353087293
353087331
353087364
353087430
353087484
353087523
353087567
353087625
353087678
353087704
353087747
353087786
353087810
353087844
353087909
353087946
353088007
353088055
353088096
353088136
353088198
353088236
353088269
353088319
353088353
353088399
353088441
353088477
353088525
353088561
353088610
353088656
353088709
353088737
353088784
353088828
353088862
353088905
353088945
353088989
353089042
353089078
353089127
353089178
353089246
353089318
353089362
353089428
353089475
353089528
353089567
353089619
353089661
353089721
353089765
353089800
353089855
353089891
353089930
353089970
353090003
353090037
353090071
353090120
353090174
353090211
353090265
353090296
353090342
353090389
353090427
353090467
353090534
353090584
353090623
353090676
353090759
353090813
353090860
353090894
353090936
353090973
353091007
353091051
353091094
353091141
353091174
353091217
353091250
353091283
353091344
353091384
353091424
353091469
353091510
353091557
353091609
353091659
353091693
353091727
353091769
353091812
353091867
353091935
353091993
353092023
353092042
353092090
353092147
353092195
353092239
353092283
353092335
353092385
353092443
353092491
353092538
353092571
353092615
353092645
353092698
353092736
353092780
353092812
353092867
353092915
353092963
353093023
353093059
353093086
353093115
353093168
353093229
353093282
353093336
353093409
353093470
353093525
353093578
353093632
353093683
353093741
353093793
353093854
353093920
353093956
353094014
353094061
353094117
353094169
353094213
353094277
353094326
353094360
353094420
353094455
353094503
353094541
353094577
353094604
353094669
353094700
353094754
353094803
353094852
353094909
353094958
353095019
353095041
353095095
353095139
353095191
353095240
353095278
353095319
353095367
353095397
353095448
353095501
353095551
353095585
353095649
353095687
353095722
353095769
353095822
353095865
353095921
353095962
353095999
353096039
353096082
353096111
353096178
353096209
353096255
353096317
353096346
353096378
353096417
353096465
353096508
353096559
353096606
353096654
353096686
353096725
353096779
353096847
353096895
353096942
353097007
353097057
353097117
353097173
353097217
353097263
353097332
353097375
353097428
353097457
353097512
353097546
353097608
353097663
353097699
353097752
353097793
353097842
353097899
353097930
353097979
353098019
353098075
353098124
353098164
353098204
353098247
353098313
353098354
353098414
353098472
353098512
353098556
353098625
353098671
353098707
353098743
353098788
353098844
353098894
353098934
353098982
353099038
353099102
353099176
353099236
353099282
353099338
353099364
353099410
353099446
353099478
353099539
353099570
353099632
353099689
353099753
353099799
353099855
353099903
353099929
353099972
353100050
353100087
353100132
353100180
353100208
353100257
353100286
353100344
353100383
353100417
353100443
353100492
353100531
353100571
353100623
353100676
353100737
353100786
353100861
353100921
353100971
353100999
353101062
353101111
353101163
353101203
353101253
353101287
353101318
353101374
353101430
353101477
353101543
353101609
